1	24	1	2	3	4	5	6	7	8	9	10	12	13	15	18	19	20	21	22	23	24	25	26	27	28	
2	13	1	2	3	4	5	6	7	8	9	10	11	12	13	
3	23	1	2	3	4	5	6	7	8	9	10	12	13	14	15	16	18	19	20	21	22	23	24	26	
5	26	1	2	3	4	5	6	7	8	9	10	11	12	13	14	15	16	17	19	20	21	22	23	24	25	26	27	
6	8	1	2	3	6	7	8	9	10	
7	24	1	2	3	4	5	6	8	10	11	12	13	14	15	16	17	18	19	20	21	22	23	24	25	26	
8	21	1	2	3	5	6	8	9	10	12	13	14	15	17	19	20	22	23	24	25	26	27	
9	24	1	2	3	4	5	6	7	8	9	10	11	12	13	14	15	16	17	18	19	20	21	22	23	24	
10	23	1	2	3	4	5	6	7	8	9	11	12	14	15	16	17	18	19	20	21	22	23	24	26	
11	11	1	2	3	4	5	6	7	8	9	10	11	
12	31	1	2	3	4	5	6	7	8	9	11	12	13	14	15	16	17	18	19	21	22	23	24	25	26	27	28	29	30	31	32	33	
13	29	2	3	4	5	6	8	9	11	12	14	16	17	18	19	20	21	23	24	26	27	28	29	30	31	32	33	34	35	36	
14	19	1	2	3	4	5	6	7	8	9	10	11	12	13	14	15	16	17	18	19	
16	37	1	2	3	4	5	6	7	8	9	10	11	12	13	14	15	17	18	19	20	21	22	23	24	25	26	27	28	29	30	31	32	33	37	38	39	41	45	
17	9	1	2	3	4	5	6	7	8	9	
18	27	2	3	4	5	6	7	8	9	12	13	14	15	16	17	18	20	21	22	23	24	25	26	27	28	29	30	31	
19	21	1	2	3	4	5	6	7	8	9	10	11	13	14	15	17	18	19	20	21	22	23	
20	28	1	2	4	5	6	7	8	9	10	11	12	13	15	16	17	18	19	20	21	22	23	24	25	26	27	28	29	30	
22	27	1	2	3	4	5	6	7	8	9	10	12	13	14	15	17	20	21	22	23	24	25	26	27	28	29	30	32	
23	15	1	2	3	5	6	7	8	9	10	11	12	13	14	15	16	
25	12	1	2	3	4	5	6	7	8	9	10	11	13	
26	28	1	2	3	4	5	6	7	8	9	10	11	12	13	14	15	16	19	20	21	22	24	25	26	27	28	29	30	32	
27	24	1	2	3	4	5	6	8	9	11	12	13	14	15	16	17	18	19	20	21	22	23	24	25	26	
28	35	2	3	4	5	6	7	8	11	12	13	14	15	17	18	19	20	21	22	23	24	25	26	27	28	30	31	32	33	34	35	36	37	38	39	41	
30	12	2	3	4	5	6	7	8	9	10	11	12	13	
32	4	1	2	3	4	
33	12	2	3	4	5	6	7	8	9	10	11	12	13	
34	10	1	2	3	4	5	6	7	8	9	10	
35	11	1	2	3	4	5	6	7	8	9	10	11	
36	4	1	2	4	5	
37	6	1	2	3	4	5	7	
38	26	2	3	4	5	6	7	8	9	10	11	13	14	15	17	19	20	21	22	23	25	26	27	29	31	32	33	
39	10	1	2	3	4	5	6	7	8	9	10	
40	13	1	2	5	6	7	9	10	11	12	13	14	15	16	
41	17	2	3	4	5	6	7	8	9	10	12	13	14	15	16	17	18	19	
42	30	1	2	3	4	5	6	7	8	9	10	11	12	13	14	15	16	17	18	19	20	22	25	26	27	28	29	30	31	32	34	
43	3	1	2	3	
44	33	2	3	4	5	6	7	8	9	10	11	12	13	15	16	17	18	19	20	21	22	23	24	25	26	27	29	30	31	32	34	35	36	37	
45	11	1	2	3	4	5	6	7	8	9	10	11	
46	14	1	2	3	6	7	8	9	10	11	12	13	14	16	17	
47	18	3	4	5	6	7	8	9	10	11	12	14	15	16	18	19	20	22	25	
49	24	2	3	4	5	6	7	8	10	11	13	14	15	16	17	18	19	20	21	23	24	25	26	28	30	
50	4	1	2	3	4	
51	32	1	2	3	5	6	7	8	9	10	11	12	13	14	15	16	17	19	20	21	23	24	25	26	27	28	29	30	31	32	33	34	35	
52	4	2	3	4	5	
53	6	1	2	3	4	5	6	
54	20	2	3	4	5	6	7	8	9	10	12	14	15	16	17	18	19	20	21	22	23	
55	11	2	3	4	5	6	7	8	9	11	12	13	
56	26	2	3	4	5	6	7	8	9	10	11	12	13	14	15	16	17	18	20	21	22	24	25	26	27	28	29	
57	18	2	3	4	5	6	7	8	9	10	11	13	14	15	16	17	18	20	21	
58	24	1	2	3	4	5	6	7	8	9	10	11	13	14	15	16	17	18	19	20	21	22	23	24	25	
59	24	1	2	3	5	6	7	9	11	12	13	14	15	16	17	18	19	20	21	22	23	24	25	26	27	
60	13	1	2	3	4	5	6	7	8	9	10	11	12	13	
61	11	1	2	3	4	5	6	7	10	11	12	14	
62	8	1	3	4	5	6	7	8	9	
63	5	1	2	3	4	5	
65	17	1	2	3	4	5	6	7	8	9	10	11	12	13	14	15	16	17	
66	9	1	2	3	4	5	6	7	8	9	
67	8	1	2	3	4	5	6	7	8	
68	21	1	2	3	4	5	6	7	8	9	10	11	12	13	14	15	16	17	18	19	20	21	
69	11	1	3	5	7	8	10	12	13	15	16	18	
70	5	1	2	3	4	5	
71	13	1	2	3	4	5	6	7	8	9	10	11	12	13	
72	28	1	2	3	4	5	6	8	9	10	11	12	13	14	16	17	19	20	21	22	24	25	26	27	28	29	30	31	32	
73	4	1	2	3	4	
75	18	1	2	4	5	7	8	9	10	11	12	13	14	15	16	17	18	19	20	
76	12	1	2	3	5	6	7	8	9	10	11	12	13	
77	3	1	2	3	
78	33	1	2	3	4	5	6	7	8	9	10	11	13	14	15	16	17	18	19	20	21	22	24	25	26	27	28	29	30	31	32	33	34	35	
80	12	1	2	3	4	5	6	7	8	9	10	11	12	
81	18	2	3	4	5	6	7	8	9	11	12	13	14	15	16	17	18	19	20	
82	20	2	3	4	5	6	7	8	9	11	12	13	14	15	16	17	18	20	22	23	24	
83	33	1	2	3	4	5	6	7	8	9	10	11	12	13	14	15	16	18	19	20	22	23	24	25	26	27	28	29	30	31	32	33	34	36	
85	14	1	2	3	4	5	6	7	8	9	10	11	12	13	14	
86	5	1	2	3	4	5	
87	8	1	2	3	4	5	6	7	8	
88	12	1	2	3	4	5	6	7	8	9	11	12	13	
89	20	2	3	4	5	6	7	8	9	11	12	13	14	16	17	18	19	20	21	22	23	
91	8	1	3	4	6	7	8	9	10	
92	35	2	3	4	5	6	7	8	9	10	11	12	13	15	17	18	19	20	21	22	23	24	25	26	28	29	30	32	33	34	35	36	37	38	39	40	
93	14	1	2	3	4	5	6	7	8	9	10	11	12	13	14	
94	24	2	3	4	5	6	7	8	9	10	11	12	14	15	16	17	18	19	20	21	22	23	24	25	26	
95	24	2	3	4	5	6	7	8	9	10	11	12	14	15	16	17	18	19	20	21	22	23	24	25	26	
96	12	1	2	3	4	5	6	7	8	9	10	11	12	
97	17	2	3	4	5	6	7	8	10	11	12	13	15	17	19	20	21	23	
98	22	1	2	3	4	5	6	7	8	9	10	11	12	14	16	17	18	19	20	21	23	24	27	
99	7	1	2	3	6	7	8	9	
100	21	1	2	3	4	5	7	8	9	10	11	12	13	14	15	16	17	19	20	21	22	24	
101	4	1	2	3	4	
102	20	2	3	4	5	6	7	8	9	10	12	13	14	15	16	17	18	19	20	21	22	
103	16	1	2	3	4	5	6	8	9	10	11	12	13	14	15	16	17	
104	24	2	3	4	5	6	7	8	9	10	11	12	15	16	17	18	20	21	22	23	26	27	28	29	30	
105	13	1	2	3	4	5	6	7	8	9	10	11	12	13	
106	11	1	2	3	4	5	6	7	9	10	11	12	
107	7	1	2	3	6	7	8	9	
108	18	2	3	4	5	6	7	8	9	10	12	13	14	15	17	18	19	20	21	
109	22	1	2	3	4	5	6	7	8	9	11	12	13	14	15	16	17	18	19	20	21	22	24	
110	26	2	3	4	5	6	7	8	9	10	11	12	15	16	17	18	19	20	21	23	24	25	26	27	28	29	30	
111	10	1	2	3	4	5	6	7	8	9	10	
112	16	1	2	3	4	5	6	7	8	9	10	13	14	15	16	17	18	
113	11	1	2	3	4	5	7	8	9	10	11	12	
114	11	2	3	4	5	6	7	8	9	10	11	13	
115	17	1	2	3	4	5	6	7	8	9	10	11	13	15	16	17	18	20	
116	23	1	2	3	4	5	6	7	8	9	12	13	15	16	17	18	19	20	22	25	26	27	28	30	
117	22	1	2	3	4	5	6	7	8	9	10	11	12	14	16	17	18	19	20	21	23	24	27	
118	24	1	2	3	4	5	6	7	8	9	12	13	15	16	17	18	19	20	22	24	25	26	27	28	30	
119	12	2	3	4	6	8	9	11	12	13	14	15	16	
121	42	1	2	3	4	5	6	10	11	12	13	14	16	17	18	19	20	24	25	26	27	29	30	31	32	33	34	35	37	38	40	42	43	45	46	47	49	50	51	52	53	55	57	
122	7	1	2	3	4	5	6	7	
123	42	2	3	4	5	7	8	9	10	11	12	13	14	16	17	18	19	20	21	22	23	24	25	27	28	29	31	32	33	34	35	36	39	40	41	42	44	45	47	48	49	50	51	
124	16	2	3	4	5	6	8	9	10	12	14	16	17	18	19	20	21	
125	28	1	2	3	4	5	6	7	8	9	10	11	12	13	14	15	16	18	19	20	21	23	24	26	28	29	30	31	33	
127	7	1	2	3	4	5	6	7	
128	14	1	2	3	4	5	6	7	9	11	12	13	14	15	16	
129	17	1	2	3	4	5	6	7	8	9	10	11	12	13	14	16	17	18	
130	4	1	2	3	4	
131	11	1	2	3	4	5	6	7	8	9	10	11	
132	23	1	2	3	6	7	8	10	11	12	13	14	16	17	18	19	20	21	22	24	25	26	27	28	
133	15	1	2	3	4	5	6	7	8	9	10	11	12	13	15	16	
134	10	1	2	3	4	6	7	8	9	10	12	
135	6	1	2	4	5	6	7	
136	18	1	2	3	4	5	6	7	8	9	10	11	12	13	14	15	16	17	18	
137	12	2	3	5	6	7	8	9	11	12	13	15	17	
139	9	2	3	6	7	9	10	11	12	13	
140	4	1	2	3	4	
141	8	1	2	3	4	5	6	7	8	
142	10	1	2	3	5	6	7	8	9	10	11	
144	8	1	2	3	5	6	7	8	9	
145	5	1	2	3	4	5	
146	4	1	2	3	4	
147	34	2	3	4	5	6	7	8	9	10	11	12	15	16	17	18	19	20	21	22	23	24	25	26	27	28	29	30	31	32	33	34	35	38	42	
148	24	1	2	3	4	5	6	7	8	9	10	11	12	13	14	16	18	19	20	21	22	23	24	25	27	
150	14	1	2	3	4	5	6	7	8	9	10	11	12	13	14	
151	26	1	2	3	4	5	6	7	8	9	10	11	12	13	14	15	16	17	18	19	20	21	22	23	24	26	28	
152	22	1	2	3	4	5	6	7	9	10	11	12	13	14	15	16	17	18	21	22	23	24	25	
153	4	1	2	5	6	
154	15	2	3	4	5	6	7	8	9	12	13	14	16	17	18	20	
156	4	1	2	3	4	
157	17	1	2	4	5	6	7	8	10	12	14	15	16	17	18	19	20	21	
158	16	2	4	5	6	7	8	9	10	11	12	13	14	15	16	17	18	
159	31	2	3	4	7	8	9	10	11	13	14	15	16	17	18	19	21	22	23	24	25	26	28	29	30	31	32	36	37	38	39	40	
160	5	1	2	3	4	5	
161	9	1	2	3	4	5	7	9	10	12	
162	12	1	2	3	4	5	6	7	8	9	10	11	12	
163	26	1	2	3	5	6	7	8	9	11	12	13	14	16	17	19	20	21	22	23	24	26	28	29	30	31	32	
164	24	2	3	4	5	6	8	9	10	12	13	14	15	16	17	18	19	20	21	23	24	25	26	27	28	
165	21	1	2	4	6	7	8	9	10	11	13	14	15	16	17	18	20	21	22	23	24	26	
166	23	1	2	4	5	6	7	8	9	10	12	13	14	15	16	17	18	19	20	21	22	23	24	27	
167	32	1	2	3	4	5	6	7	8	9	10	11	12	13	14	15	16	17	18	19	20	21	22	23	24	25	26	27	28	29	30	31	33	
168	17	1	2	3	4	7	8	9	11	12	13	14	15	16	17	18	19	20	
169	11	1	2	3	4	5	6	7	8	9	10	11	
170	31	1	2	3	4	5	6	7	9	10	11	13	14	15	16	17	18	19	20	21	23	24	25	26	28	29	30	31	33	34	35	37	
171	25	1	2	3	4	5	6	7	8	9	11	12	14	15	16	18	21	22	23	24	26	29	30	31	32	34	
172	13	2	3	4	5	6	7	8	9	10	11	12	13	14	
174	15	1	2	3	4	5	6	7	8	9	10	11	12	13	14	16	
175	11	2	3	4	5	6	7	8	9	10	11	12	
176	22	1	2	3	6	7	8	9	10	11	12	13	14	15	16	17	18	19	20	21	22	25	26	
177	18	1	2	3	4	6	7	8	9	10	11	12	13	14	15	16	17	18	22	
179	34	1	2	3	4	5	6	7	8	9	10	11	12	14	15	16	17	18	19	20	21	22	23	24	25	26	27	28	30	32	34	35	36	37	38	
181	15	2	3	4	5	6	7	10	11	12	13	14	15	16	17	18	
182	22	2	3	4	5	6	7	8	9	10	11	12	14	15	16	17	18	19	20	21	22	23	24	
183	22	1	2	3	4	5	6	7	8	9	10	11	12	13	14	15	16	17	18	19	20	21	22	
184	28	1	2	3	4	5	6	7	8	9	10	11	12	15	16	17	18	19	20	21	23	24	25	26	27	28	29	30	31	
185	20	1	2	3	6	7	8	9	10	12	13	15	16	20	23	24	25	27	28	31	32	
186	26	1	2	3	4	5	6	7	8	12	13	14	15	16	17	18	19	20	21	23	24	25	26	27	28	29	32	
187	21	2	3	4	6	7	8	9	10	11	12	15	16	17	18	20	21	22	23	24	25	26	
188	22	2	3	4	5	6	7	8	9	10	11	12	13	14	15	16	17	18	19	20	21	22	23	
189	14	1	2	3	4	5	6	7	8	9	10	11	12	13	15	
191	13	1	2	3	4	6	7	8	9	10	11	12	13	14	
192	19	2	3	4	5	6	8	9	10	11	12	13	15	16	17	20	21	22	23	24	
193	15	2	3	4	5	6	7	8	9	10	11	12	13	15	16	17	
195	6	1	2	3	4	6	7	
196	5	1	3	4	5	6	
197	11	2	3	4	5	6	7	8	9	10	11	12	
198	10	1	2	3	4	5	6	7	8	9	10	
199	32	2	3	4	5	6	7	8	9	10	11	12	13	14	15	16	18	19	20	21	22	27	28	29	30	31	32	33	34	35	36	38	39	
200	17	1	2	3	4	5	6	8	9	10	11	12	13	14	15	16	17	18	
201	23	1	2	3	6	7	8	9	10	11	14	15	16	17	19	20	21	22	24	25	26	27	30	31	
202	12	1	2	3	4	5	6	7	8	9	10	11	12	
203	12	1	2	3	4	5	6	7	8	9	10	11	12	
204	14	1	2	3	4	5	6	7	8	9	10	12	13	14	15	
205	29	1	2	3	4	5	6	7	8	9	10	11	12	13	14	15	16	17	18	19	21	23	24	25	26	27	28	29	30	32	
206	18	1	2	3	4	5	6	7	8	9	10	11	12	14	15	16	20	21	22	
207	25	2	3	4	5	6	7	8	9	11	13	14	15	16	17	18	19	20	22	23	24	25	26	27	28	29	
208	13	1	2	3	4	5	6	7	8	9	10	11	12	14	
209	14	1	2	4	5	6	9	10	11	13	14	15	18	19	20	
210	29	1	2	3	4	5	6	7	8	9	10	11	13	14	16	17	18	19	20	21	23	25	26	27	29	30	31	32	33	34	
211	21	1	2	3	4	5	6	7	9	10	11	12	13	14	15	16	18	19	21	22	23	26	
213	18	1	2	3	4	5	6	7	9	10	11	12	13	14	15	16	17	18	19	
214	33	1	2	3	5	6	7	8	9	11	12	13	14	15	16	18	19	21	22	23	24	25	26	27	28	30	31	32	33	34	35	36	37	38	
215	5	1	2	3	4	5	
216	7	1	2	3	4	5	6	8	
217	4	1	2	3	4	
218	12	2	3	5	6	7	8	9	11	12	13	15	17	
219	23	1	2	3	4	5	6	7	8	9	10	11	12	14	15	16	17	18	19	20	21	22	23	25	
220	9	1	2	3	4	5	6	7	8	9	
221	29	1	2	3	4	8	9	10	11	12	13	14	15	16	18	19	20	21	23	24	25	26	27	29	30	31	32	33	34	35	
222	23	1	2	3	4	5	6	7	8	9	10	11	12	14	15	16	17	18	19	20	21	22	23	25	
223	15	2	3	4	5	6	7	8	9	10	11	12	13	17	18	19	
226	8	1	2	3	4	5	6	7	8	
227	18	2	3	4	5	6	7	8	10	11	12	13	14	15	16	17	18	19	20	
228	13	1	2	4	6	7	8	12	15	16	18	19	20	21	
231	25	2	3	4	5	6	7	8	9	10	11	13	14	15	16	17	18	19	20	21	22	23	24	25	26	27	
232	9	1	2	4	6	7	8	9	10	11	
233	21	2	3	4	5	6	7	9	10	11	13	15	16	17	18	19	20	21	22	23	24	25	
235	4	1	2	3	5	
236	20	1	2	3	4	5	6	7	8	9	10	11	12	13	14	15	16	17	18	19	21	
237	19	2	3	4	5	7	9	10	13	14	15	17	18	19	20	21	22	24	25	27	
238	21	1	2	3	6	7	8	9	11	12	13	14	15	17	18	19	20	21	22	23	27	28	
239	12	1	2	3	4	5	6	7	8	9	10	11	12	
240	35	1	2	3	4	5	6	8	9	10	11	12	13	15	16	17	18	19	21	23	24	25	26	27	28	29	31	33	34	35	36	37	38	40	41	42	
242	17	1	2	3	4	5	6	7	8	9	10	11	13	15	17	18	19	21	
243	25	1	2	3	4	5	6	7	8	9	10	11	12	13	14	15	16	17	18	19	20	21	22	23	24	26	
244	18	1	2	3	4	5	6	7	8	9	10	11	12	13	14	15	16	17	18	
245	7	1	2	3	4	5	6	7	
246	15	1	2	3	4	5	6	7	8	9	10	11	12	14	15	17	
247	6	3	5	6	7	12	13	
248	23	1	2	3	4	5	6	7	8	9	10	11	12	13	14	15	16	17	18	20	21	22	23	24	
249	19	1	2	3	4	5	6	7	8	9	10	11	12	13	14	15	16	18	20	21	
250	29	1	2	3	4	5	6	7	8	9	10	11	12	13	14	15	16	17	19	22	23	24	26	27	28	29	30	31	32	33	
251	18	1	2	3	4	5	6	7	8	9	10	11	12	13	14	15	16	17	18	
252	12	1	2	3	4	5	6	7	8	9	10	11	12	
253	19	1	2	3	4	5	6	7	8	9	10	11	12	13	14	15	17	18	19	21	
254	3	1	2	3	
255	37	2	3	4	6	7	8	9	10	11	13	14	15	17	18	19	20	21	22	23	24	25	26	27	28	30	31	32	33	35	36	37	38	39	40	41	42	43	
256	14	1	2	3	4	5	6	7	8	9	10	11	12	13	14	
257	17	1	2	3	4	5	7	8	9	10	11	12	13	14	15	16	17	18	
258	13	1	2	3	7	9	11	12	14	16	17	19	21	23	
259	13	1	2	3	6	7	8	9	10	11	12	13	14	16	
261	3	1	3	4	
262	20	2	3	4	5	6	7	8	9	10	12	13	14	15	16	17	18	19	20	21	22	
263	15	2	3	4	5	6	7	8	9	10	11	12	13	14	15	17	
264	23	1	2	3	4	5	6	7	8	9	10	11	12	13	14	15	16	17	18	19	20	21	22	24	
265	9	1	2	3	4	5	6	7	9	10	
266	4	1	2	3	4	
267	9	1	2	3	4	5	7	9	11	12	
268	12	1	2	3	5	6	8	11	12	13	14	15	16	
269	8	1	2	3	4	5	6	7	8	
271	6	1	2	3	8	9	10	
272	42	2	3	4	5	6	7	8	9	10	11	12	13	16	17	18	19	20	21	22	23	24	25	28	29	31	32	33	34	35	36	37	38	39	40	41	42	45	46	47	51	52	53	
274	13	1	2	3	4	5	8	9	10	11	12	13	14	15	
275	16	1	2	3	4	6	7	8	9	10	11	12	13	14	15	16	17	
276	24	1	2	3	4	5	7	8	9	10	11	12	13	14	15	16	17	18	19	20	21	22	23	24	25	
277	10	2	3	4	5	6	7	10	11	12	14	
279	29	1	2	3	4	5	6	7	8	9	10	11	13	14	15	16	18	19	20	21	22	23	24	25	26	28	29	30	32	34	
280	35	1	2	3	4	5	6	7	8	9	10	12	13	14	15	16	17	18	19	20	21	22	23	24	25	26	27	28	29	30	31	32	33	34	35	38	
281	17	1	2	3	4	5	6	7	8	9	10	14	15	16	18	19	20	21	
282	18	1	2	3	4	5	6	7	8	9	11	12	13	14	15	16	17	18	20	
283	10	1	2	3	4	5	6	7	8	11	13	
284	17	2	3	4	5	6	7	8	9	10	12	13	14	15	16	17	18	19	
285	11	1	2	3	4	5	8	9	10	11	12	13	
286	22	2	3	4	5	6	7	8	9	10	12	13	14	15	16	17	18	20	21	22	23	24	25	
287	24	1	2	3	4	5	6	7	8	9	10	11	12	13	14	16	17	18	19	20	22	23	25	26	28	
288	9	1	2	3	5	6	7	10	11	12	
290	18	1	2	3	4	5	6	7	9	10	11	12	13	14	15	16	17	18	20	
291	19	1	2	4	5	6	7	8	10	11	12	13	14	15	16	17	18	19	20	22	
292	23	1	2	3	4	5	6	7	8	9	10	11	12	13	14	15	16	17	19	20	23	24	25	26	
293	11	1	2	3	4	5	9	10	12	13	14	15	
295	17	1	2	3	4	5	6	7	8	9	11	12	13	15	16	17	18	19	
296	16	1	2	3	4	5	6	8	9	10	11	12	13	14	15	16	18	
297	14	1	2	3	4	5	7	8	9	10	11	12	13	14	16	
298	5	1	2	3	4	5	
299	6	1	2	3	4	5	6	
300	22	1	2	3	4	5	6	7	8	9	10	11	13	14	15	16	17	18	19	20	21	22	23	
302	5	1	2	3	4	5	
303	22	1	2	3	4	5	6	7	8	10	11	12	13	15	16	17	19	20	22	23	24	25	26	
304	10	2	3	4	5	6	7	8	9	10	11	
305	29	1	2	3	5	6	7	8	9	10	11	12	13	14	15	16	17	18	19	20	21	24	25	26	27	30	31	32	33	35	
306	8	1	2	3	4	5	6	7	8	
307	4	1	2	3	4	
308	20	1	2	3	4	5	7	10	11	12	13	14	15	16	17	19	20	21	22	23	25	
309	11	1	2	3	4	5	6	7	8	9	10	11	
310	21	1	2	3	4	5	6	7	8	9	10	14	15	16	17	18	19	20	21	22	24	27	
311	4	1	2	3	4	
312	23	1	2	3	4	5	6	7	8	10	11	12	13	14	16	17	18	19	20	21	22	23	24	25	
313	15	1	2	3	4	5	6	8	10	11	12	13	14	15	16	18	
314	14	2	3	4	5	6	7	8	9	10	11	12	13	14	15	
315	23	1	2	3	4	5	6	7	8	9	10	11	12	13	14	15	16	17	18	19	20	21	22	24	
316	22	1	2	3	4	5	6	7	8	9	10	12	13	14	15	17	18	19	20	21	22	23	24	
317	3	1	2	4	
319	16	1	2	3	4	5	8	9	10	11	12	14	15	16	19	21	22	
321	16	1	2	3	4	5	6	7	8	9	10	11	12	13	14	15	18	
323	13	1	2	3	6	8	9	10	12	13	16	17	19	20	
324	5	1	2	3	5	6	
326	27	1	2	3	4	5	6	7	8	9	10	11	12	13	14	15	16	17	19	20	21	22	23	24	25	26	28	30	
327	18	1	2	3	4	6	7	8	9	10	11	12	13	14	15	16	17	18	19	
328	13	2	3	5	6	7	8	9	10	11	12	13	14	15	
329	15	1	2	3	5	7	8	9	11	12	14	15	16	17	19	20	
330	5	2	3	4	5	6	
331	4	1	2	3	4	
332	17	1	2	3	4	5	6	7	8	10	11	12	13	14	15	16	17	19	
333	13	2	3	4	5	6	7	8	9	10	11	12	13	14	
334	11	1	2	3	4	5	6	7	8	9	10	11	
335	10	2	3	4	5	6	7	8	9	10	11	
336	11	1	2	3	4	5	6	7	8	9	10	11	
337	4	4	8	10	11	
338	10	2	3	4	5	6	7	8	9	10	11	
339	3	5	7	10	
340	3	1	4	8	
341	2	2	11	
343	2	1	4	
345	3	3	4	5	
347	3	4	5	6	
349	2	3	4	
351	5	3	4	5	6	9	
352	2	5	6	
356	3	3	6	7	
368	2	4	5	
372	2	2	5	
373	17	1	2	3	4	5	6	7	8	9	10	11	12	13	14	15	16	17	
374	11	1	2	3	4	6	8	12	13	14	15	17	
376	15	1	2	3	4	9	10	11	12	13	14	16	17	18	20	22	
377	22	1	3	4	5	6	7	8	9	10	11	12	13	14	15	16	17	18	19	20	21	22	23	
378	17	1	2	3	4	5	7	8	9	10	12	13	14	15	17	18	19	20	
379	21	1	2	4	5	7	8	9	10	11	12	13	14	15	16	17	18	19	20	21	22	23	
380	11	1	2	3	4	5	6	7	8	9	10	11	
381	25	1	2	3	4	5	6	7	8	9	10	11	13	14	15	16	17	18	19	21	22	23	24	25	26	30	
382	40	2	3	4	5	7	8	9	10	12	13	14	15	18	19	20	22	23	24	25	28	29	30	32	33	34	35	37	38	39	42	43	44	45	47	48	49	50	53	54	55	
383	14	1	2	3	4	5	6	8	10	11	12	13	14	15	16	
384	21	1	2	3	4	5	6	7	8	9	10	11	12	13	14	15	16	17	18	19	20	21	
385	12	2	3	4	6	7	8	9	11	12	13	14	15	
386	23	1	2	3	4	5	6	7	8	9	10	11	12	13	14	15	16	17	18	19	20	21	22	23	
388	18	2	3	4	5	6	7	8	9	10	11	12	13	14	15	16	17	20	21	
389	15	1	2	3	4	5	6	7	8	10	11	12	13	16	18	19	
390	20	1	2	3	4	5	7	10	11	12	13	14	15	16	17	19	20	21	22	23	25	
392	6	2	3	4	5	6	7	
393	12	1	2	3	4	5	6	7	8	9	11	12	14	
394	10	2	3	4	5	6	7	8	9	10	12	
395	20	1	2	3	4	5	6	7	8	9	10	12	13	14	15	16	17	18	19	20	22	
396	6	1	2	3	4	5	6	
397	12	1	2	3	4	5	6	7	8	9	10	11	12	
398	5	1	2	3	4	6	
399	10	1	2	3	4	5	6	7	8	9	10	
400	4	1	2	3	5	
401	5	1	2	3	4	5	
402	28	1	2	3	4	5	6	7	8	10	11	12	13	14	15	16	17	18	19	20	21	22	23	24	25	26	27	28	31	
403	4	1	2	4	5	
404	6	1	2	3	7	16	23	
405	3	1	2	4	
406	4	1	3	4	5	
408	9	1	2	3	4	5	6	8	9	11	
410	13	1	3	4	5	6	7	8	9	10	11	12	13	14	
411	12	1	3	9	11	20	23	25	30	31	36	44	45	
412	13	1	2	3	4	5	7	8	9	10	11	12	13	14	
413	5	1	3	6	9	21	
414	12	1	2	3	4	5	6	7	8	10	12	13	14	
415	6	1	2	3	6	9	12	
416	16	1	2	3	4	5	6	7	8	9	10	11	12	13	14	15	16	
418	6	1	2	3	4	5	6	
419	11	1	2	5	6	7	8	10	11	12	13	14	
420	10	1	2	3	4	5	6	7	8	9	10	
421	15	1	2	3	4	5	6	7	8	9	10	11	12	13	14	16	
422	14	1	2	3	4	6	7	8	9	11	12	13	15	16	17	
423	12	1	2	3	4	5	6	7	9	10	11	14	16	
425	5	1	2	3	4	5	
426	19	2	3	5	6	7	8	10	11	12	13	14	15	16	17	18	19	20	21	23	
427	13	1	2	3	4	5	6	7	8	9	10	11	12	13	
429	14	1	2	3	4	5	6	7	8	10	11	13	14	15	16	
430	5	1	2	3	5	7	
432	5	1	2	3	4	5	
433	18	2	3	4	5	6	7	8	9	10	12	13	14	15	17	18	19	20	22	
434	5	1	2	4	6	7	
435	3	1	2	3	
436	10	1	2	3	4	5	6	7	8	9	10	
437	18	1	2	3	4	5	6	8	10	12	13	14	15	16	18	20	21	22	23	
438	41	2	3	4	5	6	7	8	9	10	11	12	14	15	16	17	18	19	20	21	22	24	25	26	27	28	29	30	31	32	33	34	36	37	39	40	41	42	43	44	45	46	
439	14	1	2	3	4	6	7	8	9	11	12	13	15	16	17	
440	18	1	2	3	4	5	6	7	8	9	10	11	12	13	14	15	16	17	18	
442	29	1	2	3	4	5	6	8	9	10	12	13	14	15	17	18	19	20	22	23	26	27	28	30	31	32	33	34	35	39	
443	13	1	2	3	4	5	6	7	8	9	10	11	12	13	
444	13	1	2	3	4	5	6	7	8	10	11	12	13	14	
445	6	1	2	3	4	5	6	
448	17	1	2	3	4	5	6	7	8	9	10	11	13	14	16	17	18	19	
449	18	1	2	3	4	5	6	7	8	9	10	11	12	13	14	15	16	17	19	
450	16	1	2	3	4	5	6	7	8	9	10	13	14	16	17	19	20	
451	18	1	3	4	5	6	7	8	9	10	11	12	13	14	15	16	17	18	20	
453	3	1	3	4	
456	6	1	3	4	5	6	9	
458	2	5	6	
464	2	1	7	
468	2	1	2	
470	2	4	6	
472	4	1	2	3	4	
473	19	1	2	3	4	5	6	7	9	10	11	12	13	14	16	17	18	19	20	22	
474	13	1	2	3	4	5	6	7	8	9	10	11	12	13	
475	7	1	2	3	4	5	6	7	
476	14	1	2	3	4	5	6	7	8	9	10	11	12	13	14	
477	3	1	3	4	
478	15	1	2	3	4	5	6	7	8	9	10	11	12	13	14	15	
479	10	1	2	3	4	5	6	7	8	9	10	
480	6	1	2	3	4	5	6	
481	12	1	2	3	4	5	6	7	8	9	10	11	13	
482	2	27	35	
483	10	1	2	3	4	5	6	7	9	10	11	
484	29	1	3	4	5	6	7	8	9	10	11	12	13	14	16	17	18	19	20	21	22	23	24	25	26	27	28	29	30	33	
485	16	1	2	3	4	5	6	7	8	9	10	11	12	13	14	15	16	
486	27	2	3	4	5	6	7	8	9	10	11	12	13	14	15	16	17	19	20	22	23	24	25	26	27	28	29	30	
488	11	2	3	5	6	7	8	9	10	11	12	13	
489	8	2	3	5	6	7	8	9	11	
492	15	1	2	3	4	5	6	7	8	9	10	11	13	14	15	16	
493	16	1	2	3	4	5	6	7	8	9	10	11	12	14	15	16	17	
494	4	1	2	3	4	
495	6	1	2	3	4	5	6	
497	8	2	4	5	6	7	8	9	11	
498	13	1	2	3	7	9	11	12	14	16	17	19	21	23	
499	10	1	2	3	4	5	6	7	9	12	13	
500	11	1	2	3	5	6	7	8	10	11	12	13	
501	29	1	2	3	4	5	6	9	10	11	12	13	14	15	17	18	20	21	22	23	24	25	26	28	29	30	31	32	33	34	
502	11	1	2	3	4	5	6	7	8	9	10	11	
503	14	1	2	3	4	5	6	7	9	10	11	12	14	16	17	
504	16	1	2	3	4	5	6	7	8	9	10	12	13	14	15	16	17	
505	2	1	4	
506	14	1	2	3	4	5	6	7	8	10	11	13	14	15	17	
508	5	3	4	5	6	9	
510	2	3	4	
512	3	4	5	6	
532	2	4	5	
533	2	4	6	
537	31	1	2	3	4	5	6	7	8	9	10	11	12	13	14	15	16	17	18	19	20	21	22	23	24	25	26	27	28	29	31	33	
538	15	2	3	4	5	6	7	8	9	10	11	12	13	14	15	16	
539	23	1	2	3	4	5	6	7	8	9	10	11	12	13	14	16	17	18	19	20	21	22	23	24	
540	6	1	2	3	4	5	6	
541	4	1	2	3	4	
542	13	1	2	3	4	5	6	7	8	9	11	12	13	14	
543	8	1	2	3	4	5	6	7	8	
544	9	2	3	4	5	6	7	8	9	10	
545	11	1	2	3	4	5	6	7	8	9	11	12	
546	7	2	3	4	5	6	7	9	
547	7	1	2	3	4	5	6	7	
548	9	2	3	4	5	6	7	8	9	10	
549	5	1	2	3	4	5	
550	9	1	2	3	4	5	6	8	9	10	
551	4	1	2	3	4	
552	17	1	2	3	4	5	6	7	8	9	10	11	12	13	14	15	16	18	
553	4	1	2	3	4	
554	13	2	3	4	5	6	7	8	9	10	11	12	13	14	
555	10	1	2	3	4	5	6	7	8	9	10	
558	14	1	2	3	4	5	6	7	9	10	11	12	13	15	16	
559	18	1	2	3	4	5	6	7	8	9	10	11	12	13	14	15	17	18	19	
560	14	1	2	3	4	5	6	7	9	10	11	12	13	14	15	
561	5	1	2	3	4	5	
562	5	1	2	3	5	6	
563	5	1	2	3	4	5	
564	3	2	4	5	
565	20	1	2	3	4	5	6	7	8	9	10	11	12	13	14	15	16	17	18	20	22	
566	6	1	2	3	4	5	6	
567	19	1	2	3	4	5	6	7	8	9	10	11	12	13	14	15	16	17	18	19	
568	12	1	2	4	6	7	8	9	10	11	12	13	14	
569	15	1	2	3	4	5	6	7	8	9	11	12	13	15	16	19	
570	5	1	3	4	5	6	
571	9	1	2	3	4	5	6	7	9	11	
572	13	1	2	3	4	5	6	7	8	9	10	11	12	13	
573	4	1	2	3	4	
574	7	1	2	3	4	5	6	7	
575	4	1	2	3	4	
578	16	1	2	3	4	5	6	7	8	9	10	11	12	13	14	15	16	
579	17	1	2	3	4	5	6	8	9	10	11	12	13	14	15	16	17	18	
580	10	1	2	3	6	7	8	9	10	11	12	
582	4	1	2	4	5	
583	19	1	2	3	4	5	6	7	8	9	10	11	12	13	14	15	16	17	18	19	
586	18	1	2	3	4	5	6	7	8	9	10	11	12	13	15	16	17	19	20	
588	9	1	2	3	4	5	6	7	9	10	
589	19	2	3	4	5	6	7	8	10	11	13	14	15	16	17	18	19	20	21	22	
590	9	1	2	3	4	5	6	8	9	10	
591	15	2	3	4	5	7	8	9	10	11	12	13	14	15	16	17	
592	14	1	2	3	5	6	7	8	9	10	11	12	13	14	15	
593	4	1	2	3	4	
594	22	1	2	3	4	5	7	8	9	10	11	12	13	14	15	16	17	18	19	20	21	22	23	
595	6	1	2	3	4	6	7	
597	17	1	2	3	4	5	6	7	8	9	10	11	12	14	16	17	18	20	
598	21	1	2	3	4	5	7	8	9	10	11	12	13	14	15	17	18	19	20	21	22	23	
599	10	1	2	3	5	6	7	8	9	10	11	
601	4	1	2	3	4	
602	10	1	2	3	4	6	7	9	11	12	14	
603	12	1	2	3	4	5	6	7	8	9	10	11	12	
604	15	2	3	4	5	6	7	8	9	11	12	13	14	15	16	17	
605	15	1	2	3	4	5	6	7	8	9	10	12	13	14	15	16	
608	34	2	3	4	5	6	7	8	9	10	11	12	14	15	16	17	18	19	20	21	22	23	25	26	27	28	30	31	33	34	35	36	37	38	40	
610	15	1	2	3	4	5	6	7	8	9	10	12	13	14	15	16	
611	20	1	2	3	4	5	6	7	8	9	10	11	12	13	14	15	16	17	18	19	20	
612	5	1	2	7	8	9	
613	8	2	3	4	5	6	7	8	9	
614	15	1	2	3	4	5	6	7	8	9	10	11	12	13	14	16	
615	15	1	2	3	4	5	6	7	8	9	10	11	13	14	15	16	
616	21	1	2	3	4	5	6	8	9	10	11	12	13	14	15	16	17	18	19	20	22	24	
617	15	1	2	3	4	6	7	8	9	10	11	12	13	14	15	16	
618	25	2	3	4	5	7	8	9	10	12	13	14	15	16	17	18	20	21	22	23	24	25	26	27	28	29	
619	23	1	2	4	5	6	7	8	9	10	12	13	14	15	16	17	18	19	20	21	22	23	24	27	
620	19	1	2	3	4	5	6	7	8	9	10	11	12	13	14	15	16	17	18	19	
621	20	1	2	3	4	5	6	7	8	9	10	11	12	13	14	15	16	17	18	19	20	
622	15	1	2	3	4	5	6	8	9	10	11	13	14	15	16	18	
623	19	1	2	3	4	5	6	7	8	9	10	11	12	13	14	15	16	17	18	19	
624	3	1	2	4	
625	14	2	3	4	5	6	7	8	9	10	11	12	13	14	16	
626	20	1	2	3	4	5	6	7	8	9	10	11	12	13	14	15	16	17	18	19	21	
627	17	1	2	3	4	6	7	8	9	10	11	12	13	14	15	17	18	20	
628	8	2	3	4	5	6	7	8	9	
631	16	1	2	3	4	5	6	7	8	9	10	11	12	13	14	15	17	
632	5	1	2	3	4	5	
633	21	1	2	3	4	6	7	8	9	10	11	12	13	14	15	16	18	19	20	21	22	24	
634	10	1	2	3	4	5	6	7	8	9	10	
635	24	1	2	3	4	5	6	7	8	9	10	11	12	13	14	15	16	17	18	19	20	21	22	24	28	
636	31	1	2	3	5	6	7	9	10	11	12	13	14	15	16	17	18	19	20	21	22	24	25	26	27	28	29	30	31	32	34	36	
637	22	1	2	3	4	5	6	7	8	10	12	13	14	15	16	17	18	19	20	21	22	23	26	
638	26	1	2	3	4	5	6	7	8	10	11	12	13	15	16	18	19	20	21	22	26	27	28	29	31	32	33	
639	21	1	2	3	4	5	6	7	8	9	10	11	12	13	14	15	16	17	18	19	20	21	
640	14	1	2	3	4	5	7	8	9	10	11	12	13	14	15	
641	19	1	3	4	5	6	7	8	9	11	12	13	15	16	17	18	19	21	23	24	
642	12	1	2	3	4	5	6	7	8	9	10	11	12	
643	18	2	3	4	5	6	7	8	10	11	12	13	14	15	16	17	18	19	20	
644	20	1	2	3	4	5	6	8	9	10	11	12	13	14	15	16	18	20	21	22	23	
646	10	1	2	3	5	6	7	8	9	10	11	
647	16	2	3	4	5	6	7	9	10	11	12	14	15	16	18	19	20	
649	4	1	2	3	4	
650	16	1	2	3	4	5	7	8	9	10	11	12	13	14	15	16	17	
651	11	1	2	3	4	6	7	8	9	10	11	12	
652	12	2	3	4	5	6	7	8	9	10	11	12	13	
653	5	1	2	3	4	5	
654	21	1	2	3	4	5	6	7	8	9	10	11	12	13	14	15	16	17	18	19	20	26	
656	17	1	2	3	4	5	6	7	8	10	11	12	13	14	15	16	18	22	
657	24	1	2	3	4	5	6	7	8	10	11	12	13	14	15	16	17	18	19	20	21	22	23	24	25	
658	10	1	2	3	4	6	7	8	10	11	12	
659	28	2	3	4	5	6	7	8	9	10	11	13	14	15	16	17	19	20	21	22	23	24	25	26	27	28	29	30	31	
660	26	1	2	3	4	5	6	7	8	10	11	12	13	15	16	17	18	19	20	21	22	23	24	26	27	28	30	
661	8	1	2	3	4	5	6	7	8	
662	5	2	3	5	6	7	
663	16	1	2	3	4	5	6	7	8	9	10	11	12	13	14	15	16	
665	16	1	2	3	5	6	7	9	10	11	12	13	14	15	16	18	20	
666	9	1	2	3	4	5	6	7	8	9	
667	21	1	2	3	4	5	6	7	8	9	10	11	12	13	14	15	16	17	18	19	20	21	
668	18	1	2	3	4	5	6	7	8	9	10	11	13	14	15	16	17	18	19	
669	8	1	2	4	5	7	8	9	11	
670	15	1	2	3	4	6	7	8	9	10	11	12	14	15	16	17	
672	11	1	2	3	4	5	6	8	9	10	11	12	
673	12	1	2	3	4	5	6	7	8	9	10	11	13	
674	17	1	2	3	4	5	6	7	8	9	10	11	12	13	14	15	16	17	
675	4	1	3	4	5	
676	11	1	2	3	4	5	6	7	8	9	10	11	
677	20	1	2	3	4	5	7	10	11	12	13	14	15	17	19	21	22	23	25	26	27	
678	12	1	2	3	4	5	6	7	8	9	10	11	12	
679	20	1	2	3	4	5	6	7	8	9	10	11	12	13	14	15	16	17	18	20	21	
680	24	2	3	4	5	6	7	8	9	10	12	13	14	15	16	17	18	19	20	21	23	24	25	26	27	
681	7	1	2	3	4	5	6	7	
682	20	2	3	4	5	6	7	8	9	10	11	12	14	15	16	17	18	19	20	21	22	
683	27	1	2	3	4	5	6	7	8	9	10	11	12	13	14	15	16	17	18	20	21	22	23	24	25	26	28	29	
686	6	1	2	3	4	5	6	
688	14	1	2	3	4	5	6	7	8	9	10	11	12	13	14	
689	19	1	2	3	4	5	6	7	8	9	10	11	12	13	14	15	16	17	19	21	
691	20	1	2	3	4	5	8	9	10	11	12	13	14	15	16	17	18	19	20	21	23	
692	20	1	2	3	4	5	6	7	8	9	11	12	13	14	15	17	21	22	24	25	26	
693	13	1	2	3	5	6	7	8	9	10	11	12	13	14	
695	14	1	2	3	4	5	6	7	8	9	10	11	12	13	14	
696	21	1	2	3	4	6	7	8	9	10	11	12	13	14	15	16	17	18	19	20	21	22	
698	9	1	2	3	4	5	6	7	9	10	
699	9	1	2	3	4	5	6	7	9	11	
700	4	1	2	3	4	
701	10	1	2	3	4	5	6	7	8	9	10	
702	21	1	2	3	4	5	6	7	8	9	11	12	13	14	15	16	17	18	19	20	21	27	
703	4	1	2	3	4	
704	10	1	2	3	4	5	6	7	8	9	10	
705	21	1	2	3	4	5	6	7	8	9	11	12	13	14	15	16	17	18	19	20	21	27	
706	18	2	3	4	5	6	7	8	9	10	11	12	14	15	16	17	18	19	21	
707	9	1	2	3	4	5	6	7	9	10	
708	7	1	2	3	4	5	6	7	
709	23	1	2	3	4	5	7	8	9	10	11	12	13	14	16	17	18	19	20	21	22	23	25	27	
710	5	1	2	3	4	6	
711	20	2	3	4	5	6	8	9	10	11	12	13	14	15	16	17	19	20	21	22	23	
712	4	1	2	3	4	
713	88	1	2	3	4	5	6	7	8	10	13	14	15	17	18	19	20	21	22	23	24	25	26	27	28	29	30	31	32	33	35	36	37	38	39	40	41	43	44	47	48	50	51	52	53	54	55	56	57	58	59	60	61	62	66	68	69	72	73	74	75	76	77	78	79	80	81	82	83	84	88	89	90	91	93	94	95	97	98	99	100	102	103	104	105	106	107	110	114	
714	10	1	3	4	5	6	7	8	9	10	13	
715	11	1	2	4	5	7	9	10	11	12	13	15	
719	23	1	2	3	4	5	6	7	8	9	10	11	12	13	14	15	16	17	18	19	20	21	24	28	
720	6	1	2	3	4	5	6	
722	5	1	2	3	4	5	
724	6	1	2	3	4	5	6	
726	27	1	2	3	4	5	6	7	8	10	11	12	13	14	15	16	17	18	19	20	21	22	23	24	25	26	27	29	
727	15	1	2	3	4	6	7	8	9	10	11	12	13	14	16	17	
728	8	1	2	3	4	5	6	7	8	
729	5	1	2	3	4	5	
