1
0.0274 0.2275 0.4047 0.0095 0.0753 0.0863 0.0342 0.0072 0.0852 0.0426 
2
0.0262 0.0437 0.5203 0.0057 0.0166 0.3273 0.0268 0.0118 0.0000 0.0217 
3
0.0214 0.1298 0.0135 0.1047 0.1051 0.0721 0.4506 0.0530 0.0296 0.0201 
4
0.6657 0.0897 0.0316 0.0000 0.0212 0.0147 0.0528 0.0275 0.0672 0.0297 
5
0.2155 0.0577 0.0761 0.1890 0.0493 0.0064 0.2968 0.0220 0.0873 0.0000 
6
0.0461 0.0481 0.0000 0.0802 0.3783 0.1544 0.0628 0.1203 0.0187 0.0909 
7
0.0124 0.0433 0.0935 0.0249 0.4254 0.1008 0.0506 0.0845 0.0274 0.1372 
8
0.0728 0.0171 0.0915 0.0242 0.1903 0.0687 0.1636 0.3223 0.0237 0.0257 
9
0.0262 0.0476 0.0990 0.3512 0.0288 0.0007 0.0520 0.3046 0.0023 0.0876 
10
0.0008 0.0182 0.0000 0.2198 0.2917 0.0759 0.0032 0.2348 0.1431 0.0126 
11
0.0007 0.0583 0.0642 0.1881 0.0736 0.2391 0.0378 0.0965 0.1624 0.0795 
12
0.1028 0.0591 0.0038 0.3192 0.1248 0.1542 0.0497 0.0238 0.1031 0.0594 
13
0.0310 0.0389 0.0155 0.0494 0.4507 0.2786 0.0970 0.0012 0.0123 0.0254 
14
0.0347 0.0148 0.0307 0.3868 0.0311 0.0510 0.0893 0.0116 0.0159 0.3341 
15
0.7380 0.0315 0.0259 0.0169 0.0149 0.0000 0.0944 0.0180 0.0477 0.0128 
16
0.0307 0.0691 0.0555 0.1157 0.3276 0.1927 0.0236 0.0868 0.0339 0.0643 
17
0.0549 0.1280 0.0000 0.0286 0.0742 0.0535 0.5208 0.0190 0.0549 0.0660 
18
0.0270 0.0125 0.0089 0.5173 0.2263 0.0743 0.0493 0.0050 0.0229 0.0564 
19
0.4937 0.0590 0.0000 0.0181 0.1710 0.0187 0.1478 0.0428 0.0028 0.0462 
20
0.1650 0.1067 0.0850 0.0721 0.1354 0.0128 0.0198 0.3083 0.0415 0.0534 
21
0.0757 0.0904 0.0167 0.0538 0.0295 0.0228 0.4688 0.1228 0.0842 0.0352 
22
0.0209 0.4677 0.1890 0.0412 0.0126 0.0229 0.0085 0.0000 0.1048 0.1324 
23
0.0700 0.1512 0.0346 0.2290 0.0232 0.0100 0.1352 0.1658 0.0638 0.1172 
24
0.0655 0.0572 0.0076 0.0216 0.0556 0.0493 0.5601 0.0184 0.0950 0.0696 
25
0.0163 0.0360 0.0117 0.2974 0.2782 0.0603 0.0000 0.1483 0.0905 0.0612 
26
0.5681 0.1202 0.0430 0.0315 0.0106 0.0072 0.1861 0.0020 0.0172 0.0141 
27
0.0149 0.0835 0.0000 0.1423 0.2191 0.1766 0.1565 0.0462 0.0000 0.1610 
28
0.0471 0.0528 0.0150 0.2135 0.0487 0.0435 0.4283 0.0608 0.0407 0.0496 
29
0.1201 0.0428 0.0920 0.3229 0.0654 0.0575 0.2167 0.0445 0.0000 0.0382 
30
0.0027 0.0008 0.0000 0.6676 0.0027 0.0528 0.0008 0.0285 0.1152 0.1290 
31
0.0042 0.0359 0.0747 0.0000 0.3122 0.0944 0.0486 0.3615 0.0021 0.0662 
32
0.0622 0.4598 0.0391 0.0251 0.0291 0.0329 0.0098 0.0090 0.1178 0.2151 
33
0.0928 0.0273 0.0254 0.0258 0.1333 0.1633 0.0292 0.4205 0.0087 0.0739 
34
0.0241 0.0572 0.0191 0.0077 0.0318 0.0053 0.0003 0.0311 0.8232 0.0003 
35
0.0348 0.0420 0.0079 0.0195 0.0696 0.0845 0.0698 0.2222 0.1673 0.2825 
36
0.0010 0.0310 0.0020 0.3434 0.4306 0.0956 0.0306 0.0165 0.0084 0.0407 
37
0.6483 0.2268 0.0459 0.0245 0.0055 0.0006 0.0104 0.0031 0.0349 0.0000 
38
0.0855 0.0355 0.1633 0.0536 0.0007 0.0819 0.4603 0.0261 0.0264 0.0666 
39
0.0531 0.0595 0.1312 0.0088 0.2189 0.0155 0.0961 0.1054 0.2516 0.0600 
40
0.7549 0.0969 0.0141 0.0166 0.0131 0.0004 0.0004 0.0113 0.0799 0.0124 
41
0.0621 0.0788 0.0371 0.3913 0.1261 0.1258 0.0530 0.0375 0.0197 0.0686 
42
0.0442 0.0416 0.0909 0.0560 0.1673 0.4894 0.0215 0.0226 0.0430 0.0234 
43
0.0318 0.0215 0.0113 0.3510 0.1070 0.1046 0.0215 0.0478 0.0420 0.2614 
44
0.6275 0.0885 0.1511 0.0392 0.0009 0.0000 0.0091 0.0000 0.0690 0.0146 
45
0.0540 0.3659 0.0595 0.0152 0.0469 0.1595 0.0346 0.0893 0.0799 0.0951 
46
0.0027 0.0232 0.0408 0.0542 0.3854 0.1830 0.0218 0.1538 0.0814 0.0537 
47
0.0541 0.0654 0.0661 0.4861 0.0248 0.1345 0.0308 0.0255 0.0729 0.0398 
48
0.0383 0.0283 0.0356 0.0209 0.0632 0.0251 0.0322 0.6172 0.0255 0.1136 
49
0.0323 0.0178 0.1157 0.2684 0.1772 0.0557 0.1154 0.0680 0.0646 0.0850 
50
0.0435 0.0413 0.0997 0.2173 0.0390 0.0458 0.3499 0.0726 0.0199 0.0710 
51
0.0121 0.0131 0.0153 0.0373 0.3105 0.0734 0.0734 0.1922 0.1129 0.1598 
52
0.0016 0.0000 0.0000 0.0319 0.0917 0.1978 0.0303 0.0622 0.0215 0.5630 
53
0.0074 0.0677 0.3313 0.0229 0.0178 0.2512 0.0586 0.0485 0.1377 0.0569 
54
0.0131 0.0172 0.0692 0.1237 0.1213 0.0687 0.0232 0.1126 0.0195 0.4315 
55
0.0018 0.0018 0.0007 0.5999 0.0748 0.1013 0.0308 0.0021 0.1346 0.0523 
56
0.0000 0.1128 0.0126 0.0572 0.0640 0.2071 0.3182 0.1700 0.0261 0.0320 
57
0.0012 0.0610 0.0000 0.0409 0.0970 0.4796 0.0842 0.1843 0.0006 0.0513 
58
0.0248 0.0382 0.0066 0.1605 0.4746 0.0204 0.0508 0.0784 0.1266 0.0191 
59
0.8329 0.0297 0.0438 0.0011 0.0188 0.0094 0.0188 0.0008 0.0416 0.0030 
60
0.0216 0.0660 0.0292 0.0063 0.0561 0.0013 0.0451 0.0332 0.7289 0.0123 
61
0.1474 0.0392 0.3144 0.0311 0.0727 0.0440 0.2124 0.0943 0.0445 0.0000 
62
0.0230 0.0281 0.0173 0.1141 0.0761 0.2388 0.0487 0.2130 0.0895 0.1514 
63
0.0532 0.0758 0.1254 0.0882 0.0535 0.0080 0.4444 0.0270 0.0009 0.1236 
64
0.0157 0.0154 0.0356 0.3065 0.1376 0.0467 0.0682 0.0713 0.0129 0.2902 
65
0.0395 0.1656 0.0096 0.0346 0.0886 0.2085 0.0738 0.1824 0.0282 0.1693 
66
0.0165 0.1198 0.0348 0.3158 0.0968 0.0567 0.1074 0.0342 0.1181 0.0998 
67
0.0142 0.0834 0.2005 0.0129 0.0931 0.0021 0.2143 0.2567 0.0707 0.0521 
68
0.0536 0.1523 0.1368 0.1686 0.0645 0.1014 0.0523 0.0000 0.2468 0.0236 
69
0.0042 0.0025 0.0237 0.0809 0.2719 0.2228 0.0602 0.1171 0.1392 0.0775 
70
0.0098 0.1995 0.0055 0.3185 0.0543 0.0720 0.1763 0.0287 0.0317 0.1037 
71
0.0993 0.0260 0.0942 0.2911 0.0293 0.0253 0.3662 0.0609 0.0018 0.0059 
72
0.0370 0.0111 0.2071 0.0391 0.0688 0.0563 0.0494 0.0525 0.4317 0.0470 
73
0.8030 0.0283 0.0459 0.0365 0.0208 0.0037 0.0368 0.0000 0.0125 0.0125 
74
0.0994 0.1204 0.0251 0.0206 0.2327 0.3192 0.0517 0.0477 0.0517 0.0315 
75
0.0893 0.1708 0.0032 0.1043 0.1217 0.0775 0.2569 0.0767 0.0024 0.0972 
76
0.0869 0.0565 0.1269 0.1235 0.0360 0.1201 0.3999 0.0279 0.0180 0.0043 
77
0.0236 0.0437 0.4336 0.0040 0.0357 0.0009 0.0361 0.0526 0.3302 0.0397 
78
0.0009 0.0721 0.0188 0.2851 0.1299 0.2071 0.0262 0.1107 0.0005 0.1488 
79
0.0284 0.0117 0.0117 0.1016 0.0202 0.4013 0.2233 0.0333 0.0177 0.1509 
80
0.0532 0.4271 0.1205 0.0274 0.0111 0.0013 0.0026 0.0180 0.2955 0.0433 
81
0.0234 0.0271 0.0076 0.0191 0.0729 0.0014 0.6075 0.0884 0.0325 0.1201 
82
0.0000 0.0400 0.0462 0.1429 0.3665 0.1302 0.0811 0.0938 0.0302 0.0691 
83
0.0322 0.0351 0.3388 0.1033 0.0674 0.0988 0.0979 0.0773 0.1256 0.0236 
84
0.0703 0.0182 0.5710 0.0000 0.0059 0.0285 0.0909 0.0079 0.1980 0.0093 
85
0.6283 0.0285 0.0363 0.0158 0.0180 0.0258 0.1915 0.0006 0.0316 0.0236 
86
0.0000 0.0956 0.1297 0.0535 0.1023 0.0000 0.0468 0.0856 0.4866 0.0000 
87
0.0995 0.0852 0.1359 0.0359 0.0038 0.1354 0.0225 0.0565 0.4000 0.0254 
88
0.4909 0.1550 0.1156 0.0320 0.0079 0.0011 0.0380 0.0252 0.1102 0.0242 
89
0.0831 0.0000 0.0451 0.0016 0.1166 0.1212 0.4724 0.0381 0.0925 0.0295 
90
0.0448 0.0251 0.0670 0.0586 0.0281 0.0081 0.6093 0.0813 0.0525 0.0251 
91
0.0355 0.0246 0.0080 0.1039 0.0145 0.0221 0.6429 0.0485 0.0054 0.0945 
92
0.5942 0.0945 0.0109 0.0269 0.0531 0.0007 0.1440 0.0604 0.0145 0.0007 
93
0.0121 0.0011 0.0234 0.3191 0.3059 0.0415 0.0060 0.2173 0.0041 0.0694 
94
0.0227 0.0171 0.0114 0.1013 0.1318 0.1044 0.1467 0.0419 0.0287 0.3940 
95
0.0219 0.0360 0.0326 0.3975 0.2852 0.0450 0.0390 0.0733 0.0557 0.0137 
96
0.0418 0.3716 0.1366 0.1853 0.0285 0.0386 0.0151 0.0285 0.1041 0.0499 
97
0.0015 0.0023 0.0947 0.1136 0.5538 0.1235 0.0886 0.0159 0.0061 0.0000 
98
0.0610 0.0404 0.0213 0.1968 0.0521 0.1198 0.4266 0.0188 0.0350 0.0283 
99
0.0283 0.0193 0.0884 0.4624 0.0272 0.1986 0.0089 0.0165 0.1503 0.0000 
100
0.0069 0.0229 0.0937 0.0012 0.4643 0.1111 0.0261 0.1524 0.0921 0.0294 
101
0.0137 0.0480 0.1102 0.0339 0.0227 0.0446 0.0266 0.0197 0.6039 0.0767 
102
0.0783 0.2102 0.0941 0.0000 0.1244 0.0524 0.0631 0.2494 0.0537 0.0745 
103
0.4850 0.0728 0.0311 0.0513 0.0383 0.0150 0.1815 0.0222 0.0660 0.0369 
104
0.5293 0.1849 0.0562 0.0164 0.0094 0.0125 0.1313 0.0052 0.0410 0.0137 
105
0.7288 0.0762 0.0408 0.0194 0.0091 0.0022 0.0476 0.0166 0.0455 0.0138 
106
0.0039 0.0477 0.0319 0.0453 0.1776 0.3812 0.0453 0.0927 0.1253 0.0491 
107
0.0191 0.0182 0.0877 0.1533 0.0877 0.0391 0.5216 0.0185 0.0150 0.0397 
108
0.0194 0.0415 0.0004 0.4607 0.0296 0.0741 0.2798 0.0521 0.0000 0.0424 
109
0.0268 0.0015 0.0306 0.0563 0.2947 0.1300 0.0168 0.0238 0.0037 0.4158 
110
0.0161 0.0773 0.0336 0.2150 0.0268 0.0637 0.5064 0.0157 0.0008 0.0446 
111
0.0131 0.0489 0.1234 0.0870 0.2061 0.2852 0.0660 0.0729 0.0141 0.0834 
112
0.2722 0.0947 0.1230 0.0307 0.0457 0.0305 0.2687 0.0578 0.0652 0.0115 
113
0.0005 0.0388 0.0308 0.1499 0.2887 0.0223 0.0452 0.0686 0.2876 0.0675 
114
0.0809 0.2047 0.0573 0.3221 0.0981 0.1110 0.0014 0.0014 0.0787 0.0444 
115
0.0107 0.0204 0.0264 0.1044 0.0881 0.0886 0.0199 0.2597 0.1285 0.2532 
116
0.0134 0.0456 0.1271 0.0253 0.0378 0.0106 0.0347 0.0225 0.6585 0.0244 
117
0.0549 0.0508 0.0257 0.0157 0.0292 0.0435 0.0296 0.5591 0.0176 0.1738 
118
0.0000 0.0918 0.0173 0.1255 0.5212 0.0329 0.0000 0.0208 0.0320 0.1584 
119
0.2228 0.0240 0.0234 0.0290 0.2848 0.0541 0.1597 0.0980 0.0673 0.0368 
120
0.6618 0.1139 0.0239 0.0742 0.0409 0.0000 0.0469 0.0085 0.0041 0.0258 
121
0.0151 0.2336 0.0987 0.0710 0.0963 0.0391 0.1270 0.1951 0.0054 0.1186 
122
0.0000 0.0726 0.0432 0.0089 0.2188 0.1500 0.0224 0.4222 0.0499 0.0121 
123
0.0000 0.0969 0.3550 0.2145 0.0706 0.0308 0.1281 0.0263 0.0308 0.0470 
124
0.0070 0.0498 0.0406 0.0606 0.2094 0.0882 0.0563 0.4508 0.0000 0.0373 
125
0.0007 0.0100 0.0883 0.1095 0.5322 0.0683 0.0312 0.0013 0.1035 0.0551 
126
0.3649 0.0430 0.0811 0.0037 0.0430 0.0135 0.3059 0.0995 0.0209 0.0246 
127
0.0724 0.0096 0.0403 0.0277 0.0170 0.3211 0.2147 0.1305 0.0388 0.1279 
128
0.0226 0.1402 0.1555 0.0146 0.0340 0.0000 0.0000 0.0000 0.6327 0.0004 
129
0.0798 0.0219 0.0479 0.0836 0.0319 0.2800 0.3180 0.0552 0.0544 0.0272 
130
0.0000 0.0278 0.0427 0.0005 0.0681 0.2131 0.0830 0.1600 0.1639 0.2409 
131
0.0362 0.0000 0.0324 0.2096 0.0686 0.2542 0.0208 0.0193 0.1433 0.2157 
132
0.7356 0.1082 0.0296 0.0315 0.0008 0.0042 0.0206 0.0061 0.0499 0.0134 
133
0.3263 0.1588 0.1487 0.0246 0.0321 0.0147 0.1344 0.0551 0.0862 0.0192 
134
0.0617 0.0315 0.0790 0.1292 0.2243 0.0871 0.1064 0.1743 0.0349 0.0717 
135
0.0155 0.0223 0.0231 0.2277 0.2038 0.0133 0.2958 0.0034 0.0909 0.1042 
136
0.0000 0.0466 0.0057 0.5357 0.0182 0.2051 0.0078 0.0314 0.0449 0.1044 
137
0.0235 0.0289 0.0270 0.0275 0.0545 0.6152 0.0720 0.0872 0.0308 0.0333 
138
0.0098 0.0301 0.1007 0.1180 0.0503 0.2074 0.0826 0.1668 0.1127 0.1217 
139
0.0098 0.0359 0.0224 0.0696 0.0329 0.0713 0.5126 0.0612 0.0341 0.1502 
140
0.0186 0.0383 0.0025 0.0773 0.2795 0.1973 0.0761 0.0971 0.1311 0.0823 
141
0.0448 0.2525 0.1532 0.0119 0.0648 0.2444 0.0899 0.0403 0.0595 0.0387 
142
0.0084 0.5284 0.0564 0.0366 0.1359 0.1442 0.0347 0.0063 0.0150 0.0342 
143
0.0276 0.1399 0.0186 0.0806 0.0644 0.0599 0.0152 0.0699 0.0222 0.5016 
144
0.0589 0.0522 0.0000 0.2205 0.2929 0.0513 0.1086 0.2146 0.0000 0.0008 
145
0.6777 0.1464 0.0697 0.0119 0.0142 0.0000 0.0786 0.0000 0.0000 0.0015 
146
0.0014 0.0054 0.0398 0.2542 0.1728 0.3673 0.0308 0.0299 0.0000 0.0986 
147
0.0497 0.0123 0.0786 0.0021 0.2295 0.0209 0.0597 0.0288 0.4600 0.0583 
148
0.1540 0.2224 0.0219 0.0169 0.0323 0.0231 0.1706 0.0675 0.2736 0.0178 
149
0.5614 0.0128 0.0819 0.0290 0.0747 0.0169 0.0280 0.0086 0.1431 0.0436 
150
0.0232 0.0778 0.0256 0.1808 0.1666 0.0107 0.0802 0.2081 0.1320 0.0951 
151
0.0047 0.0487 0.3982 0.0004 0.0632 0.3491 0.0192 0.1020 0.0000 0.0145 
152
0.0003 0.0000 0.0094 0.0419 0.0283 0.6630 0.0496 0.0554 0.1145 0.0377 
153
0.0141 0.0465 0.3598 0.0289 0.0678 0.3302 0.0513 0.0248 0.0279 0.0486 
154
0.1115 0.0372 0.0278 0.0261 0.0699 0.5483 0.0326 0.0473 0.0057 0.0935 
155
0.0245 0.0869 0.0404 0.2496 0.1104 0.0335 0.3911 0.0094 0.0213 0.0328 
156
0.0026 0.0194 0.0559 0.4005 0.0469 0.2403 0.0309 0.0060 0.1043 0.0931 
157
0.0343 0.3696 0.0000 0.0000 0.2178 0.0600 0.0343 0.0780 0.1690 0.0369 
158
0.0346 0.0025 0.0414 0.2025 0.0832 0.0591 0.0108 0.0387 0.1156 0.4116 
159
0.3714 0.4368 0.0435 0.0000 0.0000 0.0055 0.0355 0.0206 0.0606 0.0261 
160
0.4208 0.0918 0.0356 0.0422 0.0928 0.0347 0.0328 0.1462 0.0590 0.0440 
161
0.0000 0.0201 0.0010 0.0947 0.1914 0.0679 0.0469 0.1416 0.1033 0.3330 
162
0.0187 0.0418 0.2105 0.0426 0.4002 0.0592 0.0335 0.0796 0.0391 0.0748 
163
0.0926 0.0663 0.2670 0.0242 0.0559 0.0000 0.0431 0.0000 0.4296 0.0212 
164
0.0227 0.0901 0.0323 0.0160 0.0769 0.2127 0.0499 0.4234 0.0135 0.0626 
165
0.0000 0.0673 0.0145 0.2148 0.0387 0.3125 0.1875 0.0710 0.0360 0.0576 
166
0.0016 0.0756 0.0290 0.0077 0.0284 0.0000 0.0128 0.0054 0.8022 0.0373 
167
0.0336 0.0006 0.0342 0.0860 0.5482 0.0309 0.0386 0.0678 0.0628 0.0975 
168
0.0032 0.0474 0.0095 0.0316 0.0008 0.5028 0.2000 0.0877 0.0182 0.0988 
169
0.0699 0.1990 0.1917 0.0165 0.1428 0.0208 0.1010 0.1347 0.1134 0.0101 
170
0.4841 0.0313 0.1147 0.1034 0.0005 0.0173 0.2106 0.0275 0.0093 0.0013 
171
0.0387 0.0138 0.0013 0.4269 0.0616 0.0695 0.0928 0.1489 0.0276 0.1189 
172
0.0325 0.0147 0.0771 0.1217 0.1319 0.1669 0.2475 0.0813 0.0793 0.0470 
173
0.0913 0.0195 0.0963 0.0060 0.1092 0.1541 0.2862 0.0205 0.1182 0.0987 
174
0.0468 0.0821 0.1113 0.2727 0.0342 0.1014 0.1289 0.0187 0.1669 0.0369 
175
0.0259 0.0954 0.0050 0.1318 0.1111 0.1537 0.0547 0.3210 0.0245 0.0766 
176
0.6475 0.0474 0.0654 0.0000 0.0327 0.0036 0.1743 0.0138 0.0135 0.0018 
177
0.0350 0.1435 0.0464 0.5381 0.0456 0.0721 0.0501 0.0022 0.0449 0.0221 
178
0.0114 0.0315 0.0035 0.3012 0.4067 0.0451 0.0129 0.0486 0.0220 0.1172 
179
0.0178 0.0000 0.2901 0.2360 0.1818 0.1435 0.0130 0.0344 0.0126 0.0708 
180
0.4792 0.0619 0.0808 0.0420 0.0004 0.0167 0.2441 0.0072 0.0417 0.0261 
181
0.0260 0.0759 0.0050 0.0010 0.1419 0.0919 0.0440 0.5295 0.0100 0.0749 
182
0.0088 0.0249 0.0370 0.1029 0.0561 0.1540 0.4770 0.0821 0.0149 0.0424 
183
0.0018 0.0444 0.0298 0.6364 0.0128 0.0859 0.0153 0.0220 0.0401 0.1115 
184
0.0000 0.5705 0.0520 0.0000 0.0953 0.0784 0.0006 0.0351 0.0940 0.0740 
185
0.0977 0.0157 0.0077 0.0092 0.1496 0.1244 0.0465 0.4361 0.0222 0.0909 
186
0.0000 0.0000 0.0316 0.3819 0.2217 0.2433 0.0194 0.0283 0.0188 0.0549 
187
0.0000 0.0429 0.0234 0.6030 0.1048 0.0381 0.0879 0.0013 0.0139 0.0848 
188
0.0239 0.0783 0.1405 0.3448 0.1278 0.0677 0.1329 0.0509 0.0041 0.0290 
189
0.0219 0.0667 0.0354 0.0298 0.0452 0.0555 0.5263 0.0709 0.0345 0.1138 
190
0.0086 0.0017 0.0866 0.0401 0.3154 0.0582 0.0711 0.2533 0.0151 0.1499 
191
0.0421 0.0273 0.1144 0.1124 0.0120 0.5660 0.0617 0.0120 0.0311 0.0211 
192
0.6493 0.0164 0.0279 0.0337 0.0235 0.0103 0.1815 0.0106 0.0164 0.0305 
193
0.0536 0.1508 0.0421 0.0410 0.2177 0.0532 0.0850 0.1371 0.0573 0.1622 
194
0.0407 0.4833 0.0704 0.0147 0.0352 0.0407 0.0154 0.0301 0.2167 0.0530 
195
0.0000 0.1335 0.1295 0.0256 0.1099 0.0846 0.0026 0.0571 0.4006 0.0566 
196
0.0024 0.0506 0.0197 0.0613 0.0778 0.0649 0.6035 0.0051 0.1135 0.0012 
197
0.0442 0.0783 0.5535 0.0116 0.0228 0.0365 0.0372 0.0004 0.1987 0.0168 
198
0.0830 0.0374 0.1059 0.0834 0.0453 0.0152 0.5927 0.0000 0.0200 0.0171 
199
0.1419 0.3124 0.0197 0.0003 0.0218 0.0325 0.0143 0.0313 0.3982 0.0277 
200
0.0013 0.0076 0.0119 0.6265 0.0735 0.0570 0.0046 0.0109 0.0250 0.1818 
201
0.0133 0.0526 0.0014 0.1880 0.4744 0.0284 0.0615 0.0427 0.0024 0.1353 
202
0.0166 0.2075 0.0581 0.0364 0.0087 0.0071 0.0012 0.0000 0.6514 0.0130 
203
0.0283 0.0340 0.0584 0.1917 0.0654 0.2098 0.3484 0.0304 0.0018 0.0318 
204
0.0149 0.0216 0.0808 0.0381 0.4162 0.0619 0.1357 0.0733 0.0485 0.1090 
205
0.0410 0.0121 0.0024 0.0000 0.0451 0.6782 0.0322 0.0957 0.0434 0.0499 
206
0.0056 0.3896 0.0500 0.0284 0.1202 0.1932 0.0598 0.0610 0.0442 0.0479 
207
0.7837 0.0373 0.0111 0.0154 0.0191 0.0228 0.0293 0.0083 0.0379 0.0351 
208
0.0510 0.0909 0.5849 0.0147 0.0713 0.0020 0.0502 0.0054 0.1022 0.0274 
209
0.0223 0.0915 0.4913 0.0090 0.0861 0.2297 0.0099 0.0135 0.0268 0.0199 
210
0.0158 0.0328 0.0499 0.0839 0.3374 0.0812 0.0446 0.1171 0.1420 0.0953 
211
0.0623 0.0086 0.1594 0.0827 0.0302 0.4745 0.0395 0.0523 0.0410 0.0494 
212
0.2236 0.0234 0.0289 0.0359 0.0375 0.0948 0.0125 0.0336 0.4850 0.0250 
213
0.0224 0.0328 0.0387 0.0599 0.1490 0.1285 0.0000 0.0271 0.1824 0.3592 
214
0.0058 0.0018 0.0229 0.3389 0.3127 0.0258 0.2269 0.0004 0.0036 0.0611 
215
0.7038 0.0972 0.0205 0.0041 0.0158 0.0000 0.0939 0.0238 0.0268 0.0142 
216
0.0266 0.0147 0.0086 0.0219 0.0363 0.4814 0.2084 0.0272 0.0355 0.1394 
217
0.0744 0.0222 0.0239 0.3977 0.0591 0.1898 0.1182 0.0068 0.0136 0.0943 
218
0.1627 0.0630 0.0024 0.0645 0.0585 0.0240 0.1160 0.4606 0.0018 0.0465 
219
0.0151 0.0515 0.0400 0.0385 0.0253 0.5695 0.1207 0.0530 0.0253 0.0611 
220
0.0880 0.0345 0.0789 0.0406 0.0190 0.1833 0.1219 0.2958 0.1005 0.0376 
221
0.2139 0.0821 0.5593 0.0000 0.0194 0.0085 0.0427 0.0091 0.0647 0.0003 
222
0.0063 0.0136 0.0167 0.5043 0.2338 0.0493 0.1162 0.0262 0.0172 0.0163 
223
0.1852 0.0278 0.2340 0.2374 0.0741 0.0046 0.1932 0.0017 0.0421 0.0000 
224
0.0890 0.0330 0.1942 0.0383 0.1046 0.0196 0.0421 0.0290 0.4245 0.0257 
225
0.0874 0.4781 0.0178 0.0563 0.1093 0.0353 0.0197 0.0025 0.1751 0.0184 
226
0.0451 0.0157 0.0105 0.0133 0.0458 0.0542 0.0311 0.7301 0.0185 0.0357 
227
0.0382 0.1859 0.2001 0.0261 0.0887 0.0000 0.0298 0.0090 0.3869 0.0354 
228
0.0181 0.0156 0.0244 0.0200 0.0740 0.0753 0.0186 0.5437 0.0203 0.1899 
229
0.0341 0.1163 0.0663 0.1334 0.0365 0.3092 0.1088 0.1195 0.0171 0.0588 
230
0.0007 0.0724 0.5796 0.0157 0.0223 0.0794 0.0763 0.0143 0.0871 0.0522 
231
0.0402 0.0977 0.4576 0.0000 0.0152 0.1352 0.0676 0.0095 0.1697 0.0074 
232
0.0522 0.0717 0.0280 0.0565 0.1987 0.1078 0.0487 0.2838 0.0178 0.1349 
233
0.0704 0.0515 0.1056 0.3505 0.0859 0.0545 0.0894 0.0337 0.0770 0.0816 
234
0.0005 0.0465 0.1736 0.0480 0.0723 0.5139 0.0615 0.0785 0.0036 0.0015 
235
0.0376 0.0650 0.0196 0.0345 0.0619 0.4828 0.1105 0.1121 0.0298 0.0462 
236
0.0254 0.0319 0.0080 0.0385 0.3619 0.0986 0.2755 0.0916 0.0098 0.0589 
237
0.2152 0.0707 0.1136 0.0210 0.1523 0.0533 0.1836 0.0156 0.0806 0.0941 
238
0.0572 0.0349 0.0024 0.5097 0.0508 0.1437 0.0532 0.0123 0.0290 0.1068 
239
0.0158 0.0000 0.0428 0.2772 0.1690 0.0894 0.0383 0.1097 0.1488 0.1089 
240
0.6870 0.0475 0.0261 0.0328 0.0221 0.0035 0.1125 0.0352 0.0219 0.0115 
241
0.6436 0.0479 0.1701 0.0093 0.0151 0.0135 0.0316 0.0054 0.0430 0.0205 
242
0.0000 0.0316 0.0032 0.2060 0.2060 0.0558 0.0609 0.0229 0.0590 0.3546 
243
0.0026 0.0084 0.0856 0.0185 0.1134 0.1659 0.2930 0.1461 0.1192 0.0472 
244
0.0479 0.4672 0.1157 0.0600 0.0515 0.0131 0.0252 0.0196 0.1588 0.0411 
245
0.0042 0.0357 0.0251 0.1336 0.4215 0.0681 0.0745 0.0350 0.0093 0.1931 
246
0.2233 0.0045 0.0852 0.0255 0.0341 0.0057 0.5451 0.0281 0.0112 0.0373 
247
0.0136 0.0655 0.0204 0.1370 0.3799 0.0726 0.0078 0.0448 0.0495 0.2090 
248
0.0194 0.0209 0.2548 0.0348 0.2856 0.1262 0.0671 0.0561 0.0229 0.1123 
249
0.1477 0.1073 0.2203 0.0707 0.0664 0.0149 0.1174 0.2073 0.0279 0.0202 
250
0.0297 0.0084 0.0384 0.1556 0.0175 0.5196 0.1061 0.0243 0.0346 0.0658 
251
0.0270 0.3507 0.2035 0.0006 0.0246 0.2346 0.0663 0.0205 0.0557 0.0164 
252
0.3202 0.2174 0.1110 0.0319 0.0094 0.0316 0.0675 0.0100 0.1496 0.0514 
253
0.0010 0.0455 0.0839 0.0003 0.0699 0.0100 0.0211 0.0010 0.6684 0.0989 
254
0.0237 0.0481 0.0444 0.2946 0.0111 0.0481 0.2860 0.0823 0.0906 0.0712 
255
0.0520 0.0453 0.0438 0.0095 0.0116 0.0202 0.0588 0.4197 0.0260 0.3131 
256
0.0563 0.1362 0.4961 0.0280 0.0355 0.0263 0.0190 0.0029 0.1861 0.0136 
257
0.0222 0.0011 0.0518 0.0640 0.0322 0.0386 0.7167 0.0307 0.0122 0.0307 
258
0.0376 0.0130 0.1421 0.1706 0.0858 0.2079 0.0221 0.0303 0.1327 0.1579 
259
0.1415 0.0337 0.5483 0.0000 0.0514 0.0444 0.0897 0.0012 0.0498 0.0399 
260
0.0245 0.0655 0.0788 0.1717 0.2014 0.1801 0.0563 0.0078 0.1509 0.0629 
261
0.0348 0.0081 0.0693 0.5632 0.0899 0.0993 0.0274 0.0309 0.0023 0.0748 
262
0.0000 0.0000 0.0405 0.2235 0.1672 0.0639 0.0205 0.0733 0.1085 0.3026 
263
0.7027 0.0224 0.0297 0.0458 0.0170 0.0063 0.0436 0.0073 0.1023 0.0230 
264
0.0000 0.0006 0.0104 0.0366 0.6168 0.0933 0.1300 0.0635 0.0268 0.0220 
265
0.0022 0.0247 0.0000 0.8398 0.0000 0.0610 0.0359 0.0000 0.0190 0.0173 
266
0.1797 0.1352 0.0363 0.0011 0.0848 0.0655 0.0655 0.3475 0.0225 0.0620 
267
0.0008 0.0311 0.1554 0.3298 0.0330 0.0233 0.1612 0.0311 0.0245 0.2098 
268
0.4319 0.0060 0.0195 0.0463 0.1850 0.0233 0.0368 0.0191 0.0233 0.2087 
269
0.4830 0.1094 0.0974 0.0293 0.0314 0.0156 0.1052 0.0088 0.1049 0.0149 
270
0.0016 0.0124 0.0509 0.0768 0.1829 0.2148 0.1104 0.0114 0.0162 0.3225 
271
0.0210 0.2669 0.5432 0.0260 0.0143 0.0363 0.0219 0.0152 0.0533 0.0018 
272
0.0224 0.0221 0.0556 0.2554 0.2670 0.0043 0.1371 0.0556 0.1453 0.0354 
273
0.1201 0.0629 0.0488 0.0032 0.0727 0.1080 0.0357 0.4724 0.0376 0.0385 
274
0.0333 0.0532 0.0537 0.1215 0.2102 0.0869 0.0364 0.2936 0.0408 0.0705 
275
0.0051 0.0386 0.0339 0.0177 0.0848 0.1479 0.0844 0.4711 0.0682 0.0483 
276
0.1036 0.0350 0.0030 0.1881 0.0003 0.0206 0.5331 0.0330 0.0376 0.0456 
277
0.0000 0.0469 0.0103 0.0616 0.4377 0.2111 0.0733 0.0887 0.0506 0.0198 
278
0.0022 0.0274 0.0619 0.3653 0.3389 0.0000 0.0000 0.0167 0.1060 0.0818 
279
0.0697 0.2440 0.3708 0.0062 0.0147 0.0571 0.0000 0.0034 0.2136 0.0205 
280
0.0146 0.0634 0.0133 0.0572 0.1494 0.0798 0.0137 0.3047 0.1752 0.1286 
281
0.0202 0.0424 0.0155 0.0150 0.3208 0.2018 0.0808 0.1335 0.0434 0.1266 
282
0.0936 0.0000 0.1758 0.1960 0.1158 0.1064 0.2054 0.0943 0.0128 0.0000 
283
0.0068 0.0000 0.0361 0.0338 0.5417 0.0579 0.0706 0.1345 0.0316 0.0872 
284
0.0003 0.0281 0.0239 0.3714 0.2081 0.0413 0.0317 0.0742 0.0446 0.1764 
285
0.0613 0.0217 0.1062 0.0947 0.1588 0.1871 0.0035 0.0717 0.2002 0.0949 
286
0.0213 0.0075 0.0732 0.4152 0.1523 0.1185 0.0453 0.0102 0.0647 0.0919 
287
0.3230 0.2367 0.0836 0.0181 0.0936 0.0129 0.0288 0.0390 0.1322 0.0321 
288
0.0259 0.1293 0.4998 0.0404 0.0816 0.0591 0.0681 0.0076 0.0480 0.0401 
289
0.1069 0.1727 0.0533 0.0177 0.0491 0.0619 0.2292 0.2491 0.0391 0.0209 
290
0.0420 0.0470 0.0206 0.1449 0.1293 0.0401 0.3956 0.0493 0.0479 0.0834 
291
0.0122 0.0241 0.6390 0.0096 0.0338 0.0212 0.1046 0.0004 0.1536 0.0015 
292
0.0296 0.1261 0.0094 0.1441 0.0859 0.2630 0.0355 0.0761 0.0365 0.1938 
293
0.0303 0.0447 0.0229 0.0447 0.0718 0.0420 0.1015 0.5380 0.0532 0.0510 
294
0.5162 0.0495 0.0687 0.0626 0.0616 0.0000 0.0626 0.1141 0.0414 0.0232 
295
0.1124 0.0738 0.4042 0.0097 0.0124 0.3319 0.0003 0.0000 0.0494 0.0059 
296
0.1934 0.0423 0.1470 0.0341 0.1156 0.0280 0.0280 0.0215 0.3624 0.0276 
297
0.0245 0.2443 0.0485 0.0057 0.0503 0.0002 0.0002 0.0097 0.5139 0.1026 
298
0.3104 0.0611 0.1006 0.0041 0.1218 0.0153 0.2425 0.0481 0.0555 0.0406 
299
0.0522 0.0258 0.2222 0.0350 0.1358 0.0599 0.0037 0.0206 0.4198 0.0251 
300
0.0013 0.0100 0.0000 0.3271 0.3681 0.0678 0.0076 0.0202 0.0292 0.1687 
301
0.0087 0.0486 0.0234 0.0596 0.0418 0.1072 0.0321 0.4510 0.0306 0.1971 
302
0.0886 0.2122 0.2115 0.0240 0.0141 0.0087 0.0004 0.0000 0.4359 0.0046 
303
0.5348 0.1163 0.0348 0.0074 0.0762 0.0281 0.0943 0.0033 0.0802 0.0247 
304
0.1000 0.1914 0.0768 0.0253 0.0288 0.0177 0.1374 0.3278 0.0460 0.0490 
305
0.0101 0.0412 0.0551 0.1594 0.0762 0.1743 0.2425 0.0741 0.0276 0.1395 
306
0.0227 0.0060 0.0713 0.1957 0.1373 0.0698 0.0145 0.2759 0.0552 0.1515 
307
0.0056 0.0823 0.0406 0.0112 0.0980 0.0045 0.0309 0.0000 0.7221 0.0048 
308
0.5029 0.1668 0.0381 0.0462 0.0145 0.0079 0.2107 0.0071 0.0000 0.0058 
309
0.1008 0.0252 0.1098 0.0468 0.0513 0.0567 0.1323 0.4239 0.0225 0.0306 
310
0.0082 0.0131 0.3719 0.0056 0.0165 0.4108 0.0045 0.0004 0.1366 0.0325 
311
0.0335 0.1151 0.0679 0.0532 0.0897 0.0335 0.0000 0.0188 0.5230 0.0652 
312
0.0302 0.1154 0.0004 0.1669 0.0648 0.0274 0.4875 0.0623 0.0121 0.0330 
313
0.1730 0.3210 0.2141 0.0134 0.0326 0.0003 0.1004 0.0303 0.1007 0.0143 
314
0.0000 0.0190 0.0008 0.2702 0.4926 0.0215 0.0339 0.0554 0.0025 0.1041 
315
0.0239 0.1491 0.0205 0.0171 0.0660 0.0147 0.0183 0.0203 0.6427 0.0274 
316
0.0105 0.0000 0.0566 0.4452 0.0660 0.1126 0.0004 0.0166 0.0011 0.2911 
317
0.7010 0.0318 0.0234 0.0003 0.0393 0.0000 0.0688 0.0052 0.1302 0.0000 
318
0.0205 0.0220 0.0275 0.3621 0.1583 0.0475 0.2348 0.0729 0.0010 0.0534 
319
0.0099 0.0730 0.1573 0.2283 0.0635 0.0904 0.0279 0.0786 0.2135 0.0576 
320
0.1609 0.0554 0.0557 0.0634 0.0621 0.0320 0.3196 0.0976 0.0792 0.0741 
321
0.0353 0.0206 0.0244 0.0304 0.1894 0.0738 0.0109 0.2985 0.1294 0.1872 
322
0.0271 0.0417 0.0060 0.2210 0.1020 0.1170 0.4098 0.0000 0.0281 0.0472 
323
0.0541 0.0602 0.0013 0.2868 0.2112 0.0775 0.0535 0.1985 0.0020 0.0548 
324
0.0502 0.0181 0.2944 0.2157 0.0715 0.0041 0.1072 0.0194 0.0045 0.2148 
325
0.0095 0.0087 0.1175 0.1967 0.2533 0.0720 0.1826 0.0474 0.0077 0.1047 
326
0.0006 0.2275 0.0916 0.0135 0.0144 0.0222 0.0381 0.0201 0.5486 0.0235 
327
0.0544 0.0284 0.2504 0.0177 0.1268 0.0174 0.0345 0.0573 0.3955 0.0177 
328
0.0821 0.0111 0.0102 0.6082 0.1269 0.0983 0.0000 0.0000 0.0000 0.0632 
329
0.0566 0.0532 0.1973 0.0229 0.2027 0.0754 0.0370 0.1192 0.1562 0.0795 
330
0.1150 0.0267 0.0107 0.0312 0.1613 0.0918 0.0241 0.2923 0.0820 0.1649 
331
0.0059 0.0003 0.0399 0.1498 0.3057 0.0965 0.1566 0.0747 0.0265 0.1441 
332
0.0135 0.0150 0.0000 0.0445 0.0874 0.0370 0.0310 0.5699 0.0195 0.1823 
333
0.0000 0.0869 0.5636 0.0262 0.0302 0.0373 0.0284 0.0080 0.2106 0.0089 
334
0.0021 0.0090 0.0034 0.3427 0.0376 0.0286 0.1639 0.0017 0.0218 0.3892 
335
0.5278 0.0488 0.1199 0.0867 0.0241 0.0092 0.0092 0.0000 0.1687 0.0057 
336
0.0009 0.1547 0.0144 0.0242 0.0313 0.0259 0.0266 0.0423 0.6212 0.0585 
337
0.5755 0.1859 0.0054 0.0106 0.0125 0.0186 0.1648 0.0127 0.0002 0.0138 
338
0.0000 0.0173 0.1095 0.1127 0.0147 0.0499 0.0339 0.5851 0.0314 0.0455 
339
0.0382 0.0007 0.0264 0.4448 0.0472 0.1062 0.2075 0.0527 0.0180 0.0583 
340
0.0140 0.0087 0.0343 0.0570 0.1013 0.0522 0.5572 0.0108 0.0386 0.1260 
341
0.0181 0.1663 0.1402 0.1127 0.0539 0.0232 0.2309 0.2304 0.0232 0.0010 
342
0.0086 0.2907 0.0080 0.0231 0.0550 0.2212 0.2403 0.0233 0.1049 0.0249 
343
0.0457 0.0000 0.0000 0.1411 0.0574 0.1210 0.5376 0.0613 0.0000 0.0357 
344
0.1572 0.2742 0.1645 0.0316 0.0344 0.0046 0.0079 0.0003 0.3053 0.0201 
345
0.0285 0.0274 0.0011 0.0449 0.1522 0.1588 0.1227 0.4304 0.0000 0.0340 
346
0.0552 0.0201 0.0075 0.2380 0.1305 0.1299 0.0195 0.0292 0.0325 0.3377 
347
0.0647 0.0731 0.1450 0.0006 0.1400 0.0825 0.0898 0.0357 0.2777 0.0909 
348
0.0267 0.0250 0.0768 0.0539 0.5808 0.0882 0.0245 0.0289 0.0484 0.0468 
349
0.0131 0.0004 0.5844 0.0385 0.0756 0.1223 0.0030 0.0000 0.1519 0.0108 
350
0.0237 0.0359 0.3331 0.0000 0.1108 0.0252 0.0512 0.1841 0.2002 0.0359 
351
0.0210 0.0151 0.0043 0.0442 0.2260 0.1320 0.0907 0.3620 0.0123 0.0926 
352
0.0174 0.0214 0.0401 0.0882 0.1894 0.1618 0.0254 0.2277 0.0829 0.1457 
353
0.0307 0.1874 0.1336 0.0154 0.0264 0.0395 0.0249 0.0084 0.4964 0.0375 
354
0.1555 0.0951 0.1548 0.0140 0.0562 0.1678 0.0600 0.1471 0.1186 0.0309 
355
0.0121 0.3143 0.0577 0.0046 0.0678 0.2668 0.0917 0.1201 0.0429 0.0220 
356
0.6310 0.1574 0.0126 0.0259 0.0356 0.0101 0.0783 0.0014 0.0474 0.0004 
357
0.0247 0.0244 0.0277 0.5208 0.0641 0.0999 0.0266 0.0167 0.0415 0.1535 
358
0.0481 0.1040 0.5699 0.0080 0.0181 0.0038 0.0562 0.0188 0.1007 0.0724 
359
0.0341 0.0545 0.0178 0.6545 0.0011 0.0436 0.0470 0.0693 0.0447 0.0333 
360
0.0000 0.0558 0.0341 0.1513 0.0373 0.3838 0.0607 0.1354 0.0659 0.0756 
361
0.0321 0.1004 0.0505 0.0202 0.0324 0.0003 0.0003 0.0000 0.7504 0.0134 
362
0.0690 0.0639 0.1752 0.0632 0.0442 0.0307 0.2366 0.2245 0.0318 0.0610 
363
0.0202 0.2514 0.0034 0.1235 0.1448 0.1403 0.2514 0.0314 0.0281 0.0056 
364
0.6752 0.1689 0.0035 0.0161 0.0263 0.0156 0.0233 0.0032 0.0590 0.0088 
365
0.0137 0.0722 0.0282 0.0357 0.0365 0.5896 0.0726 0.0099 0.0526 0.0890 
366
0.1482 0.0097 0.0300 0.1035 0.0401 0.0233 0.5582 0.0239 0.0259 0.0373 
367
0.0197 0.1516 0.0886 0.3820 0.0722 0.0784 0.0269 0.0371 0.0436 0.0998 
368
0.0141 0.0376 0.0060 0.0262 0.1084 0.0172 0.0166 0.0265 0.7110 0.0364 
369
0.0013 0.2038 0.0154 0.1426 0.1950 0.0273 0.0715 0.0301 0.3025 0.0107 
370
0.0267 0.0444 0.0132 0.0965 0.1508 0.2994 0.0287 0.0701 0.0942 0.1760 
371
0.1091 0.0216 0.1564 0.0644 0.1449 0.0545 0.2891 0.0899 0.0218 0.0483 
372
0.0373 0.0055 0.0318 0.2756 0.2114 0.0553 0.2103 0.0289 0.0351 0.1088 
373
0.1315 0.0330 0.0306 0.3761 0.0930 0.0370 0.1730 0.0142 0.0430 0.0685 
374
0.0390 0.0357 0.0603 0.1141 0.4541 0.0093 0.0292 0.0533 0.1187 0.0863 
375
0.0273 0.0360 0.0158 0.0259 0.0467 0.0577 0.1404 0.5221 0.0625 0.0656 
376
0.3979 0.0071 0.0283 0.1110 0.0224 0.0000 0.1181 0.2527 0.0484 0.0142 
377
0.0562 0.0196 0.0217 0.1387 0.0208 0.0212 0.5854 0.0329 0.0336 0.0699 
378
0.0000 0.0446 0.0273 0.2581 0.1618 0.0137 0.0250 0.1362 0.1768 0.1565 
379
0.0354 0.0132 0.0218 0.6549 0.0181 0.0559 0.0197 0.0317 0.0625 0.0868 
380
0.0490 0.0484 0.1260 0.0297 0.0342 0.5006 0.0654 0.0336 0.0927 0.0205 
381
0.6735 0.1414 0.0173 0.0238 0.0483 0.0238 0.0299 0.0159 0.0087 0.0173 
382
0.2282 0.0409 0.0000 0.4514 0.0164 0.0182 0.0505 0.0077 0.0000 0.1868 
383
0.0294 0.3922 0.0876 0.0091 0.1890 0.0838 0.0049 0.0599 0.1189 0.0253 
384
0.0256 0.0271 0.1688 0.1719 0.1322 0.0947 0.0462 0.1154 0.0306 0.1875 
385
0.0438 0.0710 0.0477 0.0011 0.1773 0.3409 0.0307 0.1170 0.1580 0.0125 
386
0.0099 0.0000 0.0144 0.0126 0.3042 0.2727 0.0171 0.2925 0.0216 0.0549 
387
0.0206 0.0654 0.2180 0.0782 0.0229 0.0112 0.0000 0.0003 0.5246 0.0588 
388
0.0728 0.2853 0.4077 0.0237 0.0315 0.0283 0.0603 0.0088 0.0710 0.0107 
389
0.0003 0.0276 0.0080 0.0342 0.1061 0.1777 0.0933 0.4881 0.0169 0.0478 
390
0.0239 0.4821 0.0513 0.0680 0.1541 0.0331 0.0133 0.0225 0.0940 0.0576 
391
0.0004 0.0355 0.1086 0.5168 0.0317 0.1547 0.0400 0.0064 0.0347 0.0713 
392
0.0078 0.2700 0.0398 0.0165 0.0446 0.0011 0.0568 0.0674 0.4624 0.0335 
393
0.0220 0.0288 0.3100 0.0067 0.0007 0.4521 0.0359 0.0515 0.0344 0.0579 
394
0.6274 0.1129 0.0685 0.0041 0.0468 0.0169 0.0189 0.0458 0.0362 0.0224 
395
0.0210 0.0332 0.0038 0.0097 0.1351 0.6292 0.0488 0.0450 0.0316 0.0425 
396
0.2662 0.0484 0.0000 0.0353 0.0530 0.0000 0.3087 0.1962 0.0379 0.0543 
397
0.0760 0.0618 0.0085 0.0838 0.1378 0.0327 0.0575 0.4751 0.0078 0.0589 
398
0.0397 0.0896 0.3441 0.0000 0.0231 0.0787 0.0721 0.0073 0.3230 0.0225 
399
0.0296 0.0245 0.0636 0.0435 0.2178 0.0316 0.3874 0.0004 0.1166 0.0850 
400
0.0004 0.0331 0.0283 0.1181 0.4825 0.0467 0.0052 0.0688 0.1244 0.0924 
401
0.0538 0.0365 0.1428 0.0192 0.5403 0.0333 0.0192 0.0557 0.0493 0.0499 
402
0.0577 0.0094 0.0014 0.2294 0.1995 0.0577 0.2904 0.0274 0.0007 0.1263 
403
0.4670 0.0919 0.0057 0.0095 0.0690 0.0022 0.2115 0.1103 0.0189 0.0139 
404
0.0305 0.0703 0.3303 0.0213 0.0785 0.0185 0.0007 0.0359 0.3835 0.0305 
405
0.0369 0.0585 0.2405 0.1300 0.0745 0.0533 0.0106 0.0050 0.3721 0.0185 
406
0.0009 0.0050 0.0279 0.0897 0.4516 0.0930 0.1053 0.0071 0.0150 0.2045 
407
0.0315 0.0437 0.3973 0.1374 0.0508 0.1167 0.0845 0.0809 0.0215 0.0358 
408
0.0469 0.0526 0.0467 0.4752 0.0590 0.0855 0.0488 0.0021 0.0845 0.0987 
409
0.0261 0.0320 0.0240 0.4133 0.0783 0.0139 0.0379 0.0231 0.0210 0.3304 
410
0.0065 0.0900 0.0241 0.0046 0.2059 0.1948 0.0427 0.0659 0.0584 0.3071 
411
0.5813 0.0571 0.0094 0.0211 0.0175 0.0044 0.2333 0.0264 0.0188 0.0307 
412
0.0376 0.0830 0.0678 0.0958 0.1060 0.4408 0.0442 0.0222 0.0439 0.0586 
413
0.0000 0.1097 0.0133 0.4459 0.0170 0.1361 0.0101 0.0284 0.0225 0.2169 
414
0.0245 0.0540 0.1067 0.0708 0.0297 0.5167 0.0446 0.0753 0.0187 0.0590 
415
0.7614 0.0013 0.0404 0.0139 0.0164 0.0006 0.0265 0.0073 0.1323 0.0000 
416
0.0000 0.0143 0.0012 0.0445 0.3990 0.1080 0.0216 0.1122 0.0717 0.2275 
417
0.0013 0.0351 0.2926 0.0816 0.0093 0.3873 0.0723 0.0799 0.0195 0.0211 
418
0.0830 0.0136 0.0841 0.1205 0.0636 0.2011 0.1886 0.1011 0.0602 0.0841 
419
0.0035 0.0235 0.0368 0.0269 0.0433 0.0087 0.0343 0.5128 0.0297 0.2806 
420
0.0074 0.0361 0.0514 0.5455 0.0761 0.0361 0.0875 0.0000 0.0282 0.1319 
421
0.1828 0.0973 0.0680 0.0455 0.0431 0.0101 0.4168 0.0973 0.0199 0.0192 
422
0.1144 0.0913 0.2464 0.0132 0.0880 0.1041 0.2624 0.0391 0.0313 0.0099 
423
0.0538 0.0981 0.2416 0.0347 0.0562 0.0395 0.1124 0.0969 0.1591 0.1077 
424
0.0415 0.0488 0.0105 0.4238 0.1812 0.0941 0.1292 0.0016 0.0222 0.0472 
425
0.4781 0.0494 0.0209 0.0305 0.1315 0.0080 0.1635 0.0863 0.0065 0.0254 
426
0.0268 0.1191 0.0478 0.0285 0.0960 0.1714 0.2688 0.1042 0.0628 0.0747 
427
0.3280 0.0316 0.3730 0.0150 0.0631 0.0141 0.0503 0.0000 0.0953 0.0297 
428
0.0503 0.0084 0.0206 0.0161 0.0391 0.0595 0.0451 0.6416 0.0329 0.0865 
429
0.4104 0.3213 0.0662 0.0000 0.0174 0.0003 0.0515 0.0235 0.1089 0.0006 
430
0.0303 0.0237 0.0792 0.1114 0.0758 0.1329 0.1922 0.0449 0.0624 0.2472 
431
0.0296 0.0225 0.1286 0.1278 0.1810 0.0870 0.0400 0.0287 0.1357 0.2193 
432
0.0375 0.0331 0.1053 0.3122 0.0467 0.0219 0.0116 0.0506 0.0251 0.3561 
433
0.0010 0.0137 0.0064 0.0968 0.0171 0.0318 0.7414 0.0596 0.0000 0.0323 
434
0.7066 0.0293 0.1027 0.0425 0.0083 0.0019 0.0705 0.0005 0.0256 0.0121 
435
0.0143 0.0128 0.0342 0.0333 0.3362 0.1748 0.0366 0.2718 0.0519 0.0342 
436
0.0236 0.0204 0.0233 0.0338 0.3658 0.1858 0.0647 0.1124 0.1098 0.0604 
437
0.4363 0.0068 0.1665 0.0030 0.0330 0.0093 0.1600 0.0663 0.1059 0.0128 
438
0.0281 0.0407 0.0418 0.0951 0.0582 0.0342 0.5458 0.0042 0.0194 0.1324 
439
0.0062 0.1372 0.0850 0.0081 0.0577 0.2744 0.1636 0.0877 0.0293 0.1509 
440
0.0285 0.3120 0.1956 0.1558 0.0265 0.0133 0.0158 0.0193 0.1752 0.0580 
441
0.7705 0.0534 0.0045 0.0245 0.0416 0.0054 0.0213 0.0121 0.0490 0.0178 
442
0.2450 0.0734 0.0748 0.0158 0.0435 0.3264 0.0302 0.1418 0.0211 0.0281 
443
0.2695 0.0133 0.0531 0.2157 0.1586 0.0371 0.1757 0.0164 0.0356 0.0251 
444
0.2360 0.2637 0.0677 0.0612 0.0468 0.1055 0.0496 0.0428 0.0491 0.0776 
445
0.0005 0.0743 0.1561 0.0128 0.2701 0.1235 0.0166 0.2594 0.0000 0.0866 
446
0.0573 0.0610 0.2494 0.0919 0.0837 0.0031 0.2932 0.0164 0.0988 0.0453 
447
0.0069 0.0937 0.0379 0.4752 0.0981 0.0682 0.0458 0.0169 0.0919 0.0654 
448
0.0153 0.0341 0.0096 0.0003 0.5384 0.2113 0.0437 0.0644 0.0210 0.0620 
449
0.0012 0.0000 0.0357 0.1749 0.2060 0.0719 0.0006 0.3533 0.0449 0.1116 
450
0.0000 0.0423 0.1427 0.0311 0.1834 0.1132 0.0813 0.2767 0.0207 0.1085 
451
0.0790 0.0084 0.0206 0.0329 0.1905 0.2303 0.0022 0.1939 0.0297 0.2126 
452
0.0779 0.0799 0.0704 0.4337 0.0811 0.0441 0.0358 0.0087 0.1279 0.0405 
453
0.0004 0.0399 0.0004 0.7069 0.0641 0.0969 0.0000 0.0047 0.0357 0.0510 
